0 0.035827968043929945 0.043591488452127146 0.019369889515836028 0.30557406135037873 0.10577523342108637 0.30923816794063835 0.11606159136015728 0.04542347186023655
0 0.15226332739056886 0.04395604570270019 0.12840518949556964 0.2909177048763609 0.2950443136744133 0.29824584816985966 0.3073879118098254 0.0545837033923752
0 0.329732463193038 0.04853480028145478 0.32590338749162656 0.27626127851532284 0.44316780521408994 0.2689331352218241 0.4493396827604791 0.05275171998426578
0 0.47633740146464293 0.062271064017718515 0.4740268790313031 0.3092381679406383 0.6324367285100506 0.30557406135037873 0.6386086060564398 0.06557598821964362
0 0.669467679873653 0.07290416645665251 0.6653531994809712 0.3092381679406383 0.7929041320998717 0.3092381679406384 0.7949612153388464 0.06924005986639307
0 0.8364197059913919 0.062271064017718515 0.8217058087633776 0.3861840569009869 0.9718866974567618 0.3880161451396268 0.9677722170640791 0.12786555564948457 0.941027623639548 0.12786555564948457 0.9369131432468661 0.07840029139853169
0 0.3217887501415781 0.3183983994727769 0.3094451520061664 0.659159124287568 0.6735821602663351 0.6628230911037867 0.671524920069994 0.3275586310049157
0 0.023662504345301306 0.30952381127046574 0.013198011969446899 0.6371744148589904 0.2806433183852942 0.6390065030976302 0.29504431367441336 0.32389452441465594
0 0.003086372658058449 0.6849816867283413 0.0008544138340349396 0.9486222869517051 0.2785860781889531 0.9522864634289849 0.2868151959316832 0.6884716974615627
0 0.31150239220250747 0.6958000504161228 0.29298691652070596 0.9632787133127434 0.6509522041918524 0.9632787133127432 0.6550668415419002 0.7159523920579791
0 0.689814767719787 0.33699633874299323 0.6920976359481362 0.6719833226359252 0.9718866974567615 0.6866398188839838 0.9698293003030545 0.41366475149740284 0.8011330928852359 0.399008395023385 0.7887893377924576 0.3385508808886738
0 0.6797540378127244 0.7104562671160998 0.6756395574200421 0.9651107316643629 0.9554284619713014 0.9724389448448821 0.9513139815786195 0.7067921605258404