0 0.9013225267923054 0.05034853074752627 0.8968393801650325 0.4990959698330414 0.9658316502619573 0.5129691446003911 0.9691970631930609 0.06440424579462255
0 0.8200787221352885 0.038419915484143544 0.8878291714502965 0.03747104015481204 0.8886164903610851 0.4986470438631885 0.8146129574829434 0.4964819312658199
0 0.7665895071248296 0.050461922223402005 0.8051657311934782 0.0482967683291577 0.8075275677978443 0.502977351651677 0.7642276705204636 0.509472772037534
0 0.7108267536313515 0.054653681717909776 0.7563549619245762 0.05262703482077055 0.7524186076266324 0.5073076594401655 0.7075441926556739 0.5073076594401655
0 0.6537401394581231 0.046536798601026656 0.6965223285446316 0.050461922223402005 0.694947810851054 0.509472772037534 0.6524352324844619 0.5029773516516771
0 0.5966535252848948 0.054653681717909776 0.6429880061949967 0.048296768329157753 0.6382643329862645 0.4986470438631885 0.595751754619672 0.4921516234773314
0 0.5169291158360759 0.038419915484143544 0.5855171493554185 0.041801306646424896 0.5831553728150524 0.4986470438631885 0.5170246085967977 0.49648193126581996
0 0.437204706387257 0.046536798601026656 0.5012791914050229 0.05046192222340207 0.49734283710707905 0.4856562030914743 0.4280629774376697 0.49864704386318853
0 0.3525590370959184 0.04383117089539895 0.42255210544614835 0.046131697028664785 0.42255210544614835 0.5051424642490459 0.3548468235343162 0.502977351651677
0 0.07772747495267807 0.039636194049056286 0.0737911206547343 0.2344992598904032 0.34225050179369626 0.23016903469566602 0.34461227833406255 0.048296768329157753
0 0.07401573000930425 0.2575757596399877 0.07300383177594558 0.5008122390543085 0.29737602675873787 0.509472772037534 0.29737602675873787 0.26264621921870296
0 0.017913367804579857 0.04112554318977125 0.06040751003532564 0.043966460540669175 0.06355657545448062 0.49215162347733143 0.015533065032367167 0.48782131568884274
0 0.014960611899068036 0.5335497856140137 0.017107612757944674 0.6675283868642313 0.500491932558234 0.6826844228270652 0.49970467371144517 0.5527756847349169
0 0.5129921079620602 0.5497835518477799 0.5154500909032202 0.6783541150385767 0.9657690586263821 0.6826844228270652 0.9665562574091712 0.552775684734917
0 0.5139763599305641 0.7310606081248362 0.5138755131456428 0.9208504426626708 0.9649817397155936 0.9208504426626707 0.9641944208048047 0.7454736792757708
0 0.017913367804579857 0.7283549804192084 0.015533065032367179 0.9295110582396477 0.0856001535165655 0.9251808330449105
0 0.041535415048674335 0.7202380973023254 0.10764376161065031 0.9251808330449106 0.500491932558234 0.9208504426626708 0.49970467371144517 0.7519692648491307