0 0.06234642606531022 0.029337152815184946 0.15948801444281963 0.03465790334252988 0.14708684653565646 0.45322202156395414 0.04994541584554746 0.45144840422654753
0 0.18842365239313283 0.0364314868516449 0.2876320495260357 0.04352578705981313 0.27729784806166663 0.4620899052812374 0.1739558334179764 0.46918417166111376
0 0.3209301852440649 0.03590425701006086 0.41990985980743967 0.034657903342529925 0.4178430510520462 0.2865057806163971 0.31450103640835547 0.2794115142365206
0 0.45271313098049903 0.044769505237011196 0.5521876700888438 0.045299370568928105 0.5480538948906557 0.4585427382630075 0.44264507149157145 0.4549955712447773
0 0.5870800560450985 0.046985817293748816 0.6720643124630844 0.04352578705981313 0.6761980876612724 0.46563707229946744 0.583190274481951 0.4567691885821842
0 0.8539463213109397 0.49578782281296335 0.9304193490723109 0.49401427313214025 0.9304193490723109 0.733447268811953 0.8374115358929897 0.740541467535246
0 0.8377260508771399 0.7650709236767275 0.9262857315615233 0.767145051030512 0.9345529665830979 0.9959364779990514 0.8456790862893648 0.9994837126738648
0 0.7033591258125403 0.7406914910526139 0.8064089314998818 0.7423151525292363 0.8043422804318888 0.9640121778047321 0.6989332993454044 0.9657857274855551
0 0.6981911671562097 0.4968971648114793 0.7010001081007979 0.7192585330824495 0.8188100994070452 0.7298999664805559 0.8270773344286205 0.4957878228129635
0 0.5852570832373445 0.49756144015037007 0.6720643124630845 0.4993349898311934 0.6658638861969036 0.9604649431299186 0.5769896905283693 0.9604649431299186
0 0.4449611929960029 0.4902482286412665 0.5418534686244745 0.4904671061139103 0.5439202773798683 0.9640121778047319 0.444711880246965 0.9640121778047319
0 0.31656784516374925 0.4940142731321402 0.40750884958767664 0.4904671061139101 0.39924145687870166 0.9657857274855551 0.30416683494398666 0.9569178437682724
0 0.1762273428668039 0.48138298041431604 0.26696364659729754 0.48514638941485694 0.2690304553526913 0.9445027253761755 0.18222322612695135 0.9391820763337059
0 0.049945415845547375 0.47627850569757385 0.15948801444281976 0.48159922239662706 0.14295322902486893 0.9604649431299187 0.0354775968703908 0.9569178437682724
0 0.3131782472595688 0.3195922002724722 0.41164246709846436 0.31843014846729983 0.40957565834307075 0.4514484042265474 0.31656784516374936 0.45322202156395425
0 0.8498127038001521 0.16412905974013117 0.9386868994686867 0.16590257559266264 0.94075355053668 0.46563707229946744 0.8415451534037764 0.46386345496206066
0 0.7111110637970365 0.03368794495332328 0.8250106833606269 0.0328843198334149 0.8146764818962579 0.47627850569757385 0.7072006920543796 0.46386345496206066