0 0.9120439263215836 0.0586802230885525 0.9081686007724452 0.9517137840647787 0.981024673790027 0.9300946731592517 0.9903254314548493 0.06865832063469005
0 0.8174858883101667 0.05202827436187958 0.8182610007262145 0.7804242567039584 0.8988677248420731 0.7787612774521141 0.9011929438246661 0.06699524622495759
0 0.8159357817436214 0.8136843492495792 0.8159357817436214 0.9350837377919684 0.8965426241250302 0.9384096962956566 0.8949923992929347 0.8070323053650185
0 0.7430797087260396 0.06200624503083289 0.7384292707608536 0.940072675547501 0.8035348109457088 0.9367467170438123 0.8043098050962062 0.06533226697311349
0 0.6454214575815321 0.0936033900439054 0.6407711378818961 0.911801647634597 0.7221529744138024 0.9151276061382854 0.7283534006799837 0.06865832063468998 0.6461965699975798 0.06200624503083303
0 0.5496123853579972 0.05444721688058905 0.5493133721363447 0.9350837377919682 0.6299201553849785 0.9367467170438124 0.6291451612344812 0.055354232865567926
0 0.44622974800892856 0.02708314151407204 0.4462297480089285 0.9217796500228462 0.5206359867258307 0.8935086221099424 0.524511312274969 0.055354232865568065
0 0.34999998225722195 0.03366583699696476 0.348571555997196 0.9234426292746906 0.4284032268297818 0.9018236452463476 0.4291782801130546 0.055354232865568065
0 0.2511627729548964 0.04613466492713932 0.24858814500287033 0.9151276061382854 0.32841981583545626 0.9300946731592517 0.3338453070839151 0.055354232865568065
0 0.013743393071973527 0.060343297498284744 0.016068582488179044 0.3563580767472945 0.2377372216387278 0.3630100571932634 0.23308684280631672 0.052028274361879616
0 0.01296833978870087 0.3995961716811646 0.011418203655767994 0.9284316939074075 0.22921151725717837 0.9433987609283735 0.22921151725717834 0.4029221936234451