0 0.16751421489662227 0.13217894576667705 0.23596994654439227 0.13719612996299477 0.23140624270733615 0.7543074894341805 0.15914741485691222 0.7492902733395863
0 0.2569417855548242 0.1404388730677941 0.3219199439366271 0.14723043455907753 0.31659557443452596 0.7526349990072455 0.2435761389496999 0.7609969407694986
0 0.34442752157612505 0.15715778633843153 0.4093911565976664 0.1505752878198422 0.4033061794611631 0.7660141568640929 0.34169603258429865 0.7660141568640929
0 0.4490300320363761 0.14670846554428305 0.5158778502719751 0.14723043455907753 0.5097928731354717 0.7643417940302633 0.4451402376903558 0.7676865196979223
0 0.539368563797502 0.15715778633843153 0.6063914934706233 0.15392001348750123 0.6025883972679695 0.7543074894341805 0.5341327236508424 0.7609969407694986
0 0.6284495210827871 0.15392001348750123 0.6953840374617526 0.15893722958209539 0.6900596099290088 0.7994619239131059 0.6200826630124344 0.7910999821508524
0 0.7190946954064789 0.16342737881492048 0.7874188959292052 0.16228195524975447 0.7820945844577469 0.7944447078185117 0.7090750909422782 0.7977895610792761
0 0.035927092087862184 0.8262201120336949 0.04049079592491829 0.980079917015018 0.3972212603553025 0.9432872967052401 0.39569998705585524 0.8212030235322063
0 0.44617723629655104 0.8342737737992465 0.44818272625860744 0.9315806292753279 0.6421406906245982 0.9265634131807337 0.9577976754448705 0.8931156461317208 0.9555157945110212 0.8362544166297777
0 0.8113350909941547 0.15506792217960172 0.8064343769424746 0.7676865196979223 0.8680445818499818 0.769358882531752 0.8710870123875907 0.1555923763213309
0 0.8921643036225305 0.15924765049726117 0.8939055896035139 0.30276257047595345 0.9638825365200884 0.3027625704759535 0.9608401059824794 0.16228195524975447
0 0.8940661674490805 0.3264367832036353 0.8984693514712128 0.4582946744945528 0.9638825365200884 0.4599671011249351 0.9623613212512839 0.3295207585965427
0 0.8978698951021806 0.5166144216571357 0.8954268048723185 0.6305506620376587 0.9616007716475246 0.6272059363699997 0.9585582250486299 0.5001043833058192
0 0.8940661674490805 0.6587251844575537 0.8916237086696646 0.7977895610792762 0.959318890713675 0.7844104032224288 0.9608401059824795 0.6606537034190127
0 0.07721565394584738 0.03176593680865093 0.14469563768069893 0.03685282881595605 0.1348076223721845 0.7743760986263459 0.07471866174880323 0.7643417940302633