0 0.020961176177370547 0.7340343697433689 0 0.9396026677124281 0.4676665421273777 0.9313929638979865 0.46464559889409157 0.730256003379551
0 0.04247040979885685 0.5619577798253437 0.0273657512521254 0.7240987646654891 0.470687485360664 0.6994697315157026 0.46313515608729827 0.5229618041470534
0 0.06890356225563696 0.344401411678025 0.05002273907222259 0.5250141909538948 0.18898558041624222 0.518856952239833 0.1874751376094489 0.35671596739968714
0 0.20182457475278376 0.344401411678025 0.1988036315194975 0.5209094173402121 0.34078738728695357 0.5024376229044878 0.33096939380339785 0.33824417296396286
0 0.35048624463171857 0.3467555803101807 0.35211588119700216 0.49217553228320504 0.46313515608729827 0.4880706803759844 0.4608694342574086 0.3423490248711835
0 0.49589272182933924 0.34162605992033723 0.49485491598755443 0.5065424748117087 0.657985274388014 0.48396582846876374 0.6572299953649178 0.334139321056742
0 0.47606456584784557 0.5288535541496268 0.47899503603742627 0.701522196616082 0.6466567804779655 0.6830504021803577 0.6451463376711721 0.5209094173402122
0 0.4827712006741092 0.722046377858648 0.48503692250399877 0.9293405770911454 0.697257363561636 0.9088163958485799 0.6949916417317463 0.7097318221369855
0 0.7070754146648912 0.7199939127582683 0.7085858574716845 0.9272881902843041 0.997840091689472 0.9026592354280558 0.9434633439691187 0.7117842872373649
0 0.6535737717774084 0.5185945133699398 0.6534538307282347 0.6851028672807373 0.9359110146957529 0.6625262209377921 0.8890864810093658 0.5229618041470534
0 0.6685584892749665 0.3341393210567421 0.6693137682980627 0.4983327709972673 0.8777579870993173 0.49628038419042575 0.8256469612088534 0.35261111549246615
0 0.472953149570854 0.14736930306680995 0.4767293142075367 0.3074579011001144 0.6360834503516138 0.28693371985754873 0.6338178437611236 0.13710717329875813
0 0.6469643864502438 0.13901000452151696 0.648922502307855 0.2992481972856729 0.8090318598553288 0.2910385717647695 0.7606968833621485 0.12479269587063409
0 0.45623640986635183 0.15183380549612588 0.4593589914506153 0.2930909585716108 0.3264380077633184 0.30745790110011434 0.32492750733682546 0.15352654178087213
0 0.3128437920233802 0.15763139368809287 0.31661995666006304 0.30130066238605224 0.07796633433579596 0.30335304919289363 0.09307099288252743 0.16584101920899622