0 0.05223361405310352 0.00045300286056501273 0.036159383542947496 0.4246663844392789 0.2697975671652295 0.4301040002368164 0.27254620973683535 0.03134449431953562
0 0.3134019989328286 0.027633070810734888 0.3027816974404748 0.361227372134257 0.4374672805290344 0.3684775034832949 0.45670798823826314 0.03859472938312787
0 0.5006871082159049 0.027719394073498556 0.4704514108042801 0.38479042001894365 0.6051369938928397 0.3793528042214061 0.6051369938928398 0.03134449431953565
0 0.6463672615908891 0.02228177827596105 0.6271265538816603 0.3594147874397204 0.7783042021078426 0.35397717164218284 0.7865501298226613 0.038594729383127906
0 0.05223361405310352 0.4534541353633963 0.02516460354853706 0.9575541154586779 0.23406458461039178 0.9557415999071774 0.258802787170819 0.4482294323239655
0 0.2725462097368354 0.5207311606725621 0.258802787170819 0.9648043159507518 0.42372385796301765 0.9611791465616786 0.4182265728198056 0.5189186451210617
0 0.2890382748744584 0.3793528042214061 0.2725462097368354 0.5080433443829504 0.7535659995474159 0.5044182441369134 0.7673094221134323 0.39204062051101773
0 0.45085904360636814 0.5281993222263635 0.4374672805290343 0.962991662113179 0.577650148760806 0.9684293470537528 0.5941422138984291 0.5316063922676371
0 0.6436186190192833 0.5261687764700995 0.6078856364644457 0.9611791465616786 0.764560779541826 0.9666168315022524 0.7618121369702198 0.5334189769621737
0 0.8030424046682698 0.47360506490318877 0.7810528446794487 0.9394286833715286 0.9294818503340252 0.9376161678200282 0.9377279877568293 0.47179248020865217
0 0.8254294903417633 0.04575311611084814 0.8140371846626802 0.23434934752421308 0.9652148328888626 0.23616186307571346 0.9679632657524828 0.05128247652970327
0 0.8112883323830882 0.26697511145247427 0.8030424046682698 0.4409792318318914 0.9569686954660581 0.45185453257000263 0.9514714103228459 0.25428729516286264