0 0.6797971740341782 0.0534037581072167 0.6769401696514373 0.9622853165886118 0.7237342722260568 0.9716776360250842 0.804064053109642 0.8636643501825637 0.9857811752417927 0.06530501608574575
0 0.6544461599936165 0.06514084730909464 0.6512033894346853 0.9270635812608113 0.6738204914109954 0.9176710826773288 0.6707009321741101 0.070001265377487
0 0.6095943659218537 0.05927230270815567 0.6051891171675086 0.5137951663371788 0.6418445927204725 0.5090989170454377 0.6418445927204726 0.07000126537748692
0 0.5520670648298099 0.6637323966048693 0.5513759468081187 0.795569048959585 0.6317058466952604 0.8894935869268823 0.6441842026463581 0.8660124300416817 0.6426244230279157 0.6664226860909823
0 0.5510920258282499 0.5434272322856205 0.6418445927204727 0.54901690166498 0.6426244230279156 0.6382452799140407 0.5521558366173399 0.6218086313267094
0 0.5530421038313701 0.0534037581072167 0.55215583661734 0.5161432461962969 0.5942705408348534 0.5090989170454377 0.5911509815979681 0.06295689143987526
0 0.4343906903715696 0.05826068693488671 0.42893134270346367 0.6946000026944189 0.45934752127732204 0.69929625198616 0.4601274110865433 0.05591265186252116
0 0.46723867169408456 0.062206575008625156 0.46636664856387067 0.7462585657565611 0.4897636998511804 0.7486067351891842 0.48742397092173817 0.06765323030512124
0 0.5013650367486867 0.062206575008625156 0.49990244587639265 0.5067507476128148 0.5412372007829064 0.5020545878945787 0.5420170905921277 0.06765323030512124
0 0.4991224965653931 0.5349281537897564 0.49990244587639276 0.7227774088713605 0.5373376922350215 0.7673916427826437 0.5365578024258001 0.5419724829406156
0 0.38436035656147927 0.05633803040768619 0.3805774605104013 0.6358971104814175 0.41645292725058736 0.6758150951009597 0.41489314763214474 0.06295689143987523
0 0.3385335234881563 0.062206575008625156 0.3376828664836667 0.5724980585501803 0.37277844341463134 0.5912829661436395 0.3696588246759677 0.06765323030512137
0 0.2927066904148334 0.05046948580674722 0.2901088740998257 0.5067507476128148 0.3228647221013481 0.5466687322323566 0.32832406976945405 0.03947573455467493
0 0.24687985734151047 0.03873239660486929 0.2440946613344274 0.46448468313415486 0.27841034845617085 0.4879658400193553 0.2776304586469495 0.04417207341992074
0 0.2069032582775479 0.04166666890533877 0.19808044856902912 0.3799525541768347 0.2339559153092151 0.4363072769572132 0.24019515278654244 0.04886823313815695
0 0.1551858545422945 0.07234939002335737 0.15440596473307314 0.30950908352123324 0.18950154166403785 0.36821197573423453 0.19418094002114414 0.060608811580757226
0 0.11229126051555981 0.04182385920054525 0.11463098944500212 0.24141369272474972 0.1419275492801969 0.2789835974851738 0.1450471680188606 0.05826068693488674