0 0.9292604174516848 0.047747749466079834 0.9825920386307 0.04783894313046385 0.986878615961954 0.4840046191531158 0.9268671873975359 0.4803999305075634
0 0.616648770434893 0.047747749466079834 0.6811059640233968 0.04423428886176987 0.6768193866921429 0.48580692909903367 0.6168078491155345 0.48039993050756347
0 0.6970346225249251 0.047747749466079834 0.7611211294344945 0.049641356206957477 0.7511192610111551 0.48220230920719825 0.6939654779927794 0.4822023092071983
0 0.7720614178089551 0.05000000171833208 0.8254191353301669 0.04964135620695752 0.8282767808762098 0.4803999305075634 0.7739808614282573 0.4803999305075634
0 0.846851803962058 0.046036633184546205 0.9040055869804335 0.04603663318454617 0.9111498098577303 0.4785976205616456 0.8382788673239294 0.48580692909903367
0 0.5067868604100381 0.04423428886176979 0.6010905805879194 0.04243194453899356 0.6010905805879196 0.4713882432705404 0.5110733287291023 0.4767952418620107
0 0.39962351725058404 0.046036633184546205 0.4882118373241899 0.046036633184546205 0.48392525999293573 0.4713882432705405 0.3924792943732869 0.4767952418620107
0 0.33261875971677946 0.0454954972138276 0.38104849416473574 0.049641356206957477 0.37533309406046017 0.48400461915311593 0.33389657956970015 0.48220230920719825
0 0.11825648747669372 0.040990992709323076 0.32389471114636037 0.04603663318454617 0.31675048826906327 0.5506911184578288 0.05098541903605544 0.5506911184578288
0 0.39390811714630836 0.5038303035730795 0.4824964372199143 0.5056326822727144 0.4796387916738714 0.9309842923587087 0.39247929437328694 0.9363913597038961
0 0.3267523566924031 0.5128419908101023 0.3238947111463603 0.5813308688144503 0.2796005511095574 0.5813308688144503 0.2781717283365361 0.9399959795957317 0.37676191683348154 0.9417982895416493 0.37676191683348176 0.507434992218632
0 0.5041085775088481 0.5072072089255393 0.5953751804836439 0.5020279936271617 0.5996617578148978 0.9454030469409191 0.5039291058518053 0.9436007369950015
0 0.6130760658975583 0.5004504521687825 0.6753904549069315 0.5020279936271617 0.6725328093608887 0.9454030469409191 0.611092449011259 0.9472053568868366
0 0.6934619179875904 0.5072072089255393 0.751119261011155 0.5074349922186322 0.7511192610111551 0.9436007369950015 0.6911078324467367 0.9399959795957317
0 0.7720614178089551 0.5072072089255393 0.8182749124528705 0.507434992218632 0.8239904215693359 0.954414734177942 0.7725519296430458 0.9580193540697773
0 0.841729156286983 0.5027027044210348 0.9082921643116877 0.5056326822727144 0.902576873219602 0.9526124242320245 0.8454230902012263 0.9508099767786723
0 0.9256877129143498 0.504954956673287 0.9868786159619538 0.507434992218632 0.9811633248698685 0.9616241114690472 0.912578741642942 0.954414734177942
0 0.19328328276072373 0.5702702719886025 0.26102552802370943 0.5741216290307797 0.26816975090100637 0.9363913597038961 0.18815447647771863 0.9381936696498137
0 0.17541976007404983 0.5770270287453592 0.1710083851770819 0.9454030469409191 0.002404681667998168 0.9526124242320245 0.0009758588949768265 0.885925856173594 0.03955461882750444 0.5741216290307798