0 0.09096983842626463 0.03900226930371758 0.094047152133127 0.3071989795869511 0.23850481315480504 0.3090135501447458 0.23582971285936216 0.025936251400140973
0 0.08093639361021113 0.33832199719487405 0.05392003541027588 0.7027815218934252 0.20105279672739676 0.7009668128927712 0.21710360259712314 0.33441795328244894
0 0.06755846718880644 0.719274378147255 0.06729574098455962 0.9731564806263191 0.20640320141535193 0.9640834893944864 0.20105279672739665 0.7100398041246039
0 0.27157184511522786 0.025396827126846832 0.3535359627324727 0.0059756637679663155 0.40971388532504993 0.020492505116042208 0.39366307945532386 0.48321502332878924 0.24117991345024734 0.48321502332878924
0 0.2518805187290885 0.5140631381398763 0.3722618688976419 0.5176923484768953 0.3615612636188006 0.9441229363730268 0.2278042078759639 0.9513813570470646
0 0.44214040698813756 0.02312925343070171 0.5809229574952952 0.10396396214961529 0.5568466466421704 0.4941025851184165 0.42576469119477617 0.4904733747813974
0 0.4254179989613817 0.5265306139749194 0.5595217469376135 0.5213215588139141 0.5354454360844889 0.9604543482788972 0.39098777506281107 0.9658981983951405
0 0.6060200056503449 0.11156462758036158 0.7441065246821421 0.1856208832361085 0.728055718812416 0.48865880422360286 0.5889482583816237 0.4850295938865838
0 0.5926420792289402 0.5265306139749194 0.7173551135335751 0.5267653397087277 0.7039794079592915 0.9677127689529353 0.5702223522164545 0.9677127689529353
0 0.7732440859179034 0.22721088608376294 0.9447421082963979 0.495917155676211 0.7414314243866998 0.5049901469080437
0 0.7598661594964987 0.5174603191903389 0.7360810196987442 0.9713419100685244 0.9420668039038851 0.9713419100685244 0.9607931182631941 0.5285799794879521