0 0.9134596028808107 0.0761904783275615 0.9116963190931013 0.9589599492285698 0.9715069267707309 0.9634431769184182 0.9683170763685878 0.07354274607502514
0 0.8447084871681535 0.07130117498451347 0.8423160385240497 0.9701677619267159 0.901329122758647 0.9544768925563712 0.9021266462016791 0.062334933376879
0 0.7705433093108943 0.06009336228636733 0.7673533372237583 0.9679262335906169 0.8303539169885239 0.9589599492285699 0.8319488421895953 0.07802588825604873
0 0.7035553557009536 0.0668180755579025 0.6971756548966674 0.9724092902628151 0.7625685616205438 0.9589599492285698 0.7585811877753685 0.0645765899762157
0 0.6303090545258755 0.06498599653484441 0.6262003274415514 0.952235364220272 0.6915932341654277 0.952235364220272 0.6884033837632847 0.0668180755579025
0 0.5306081572177997 0.06218487608666513 0.5257185187116331 0.9544768925563712 0.619023103194233 0.952235364220272 0.6198205049522724 0.05785183395026805
0 0.42284426133761116 0.05785183395026805 0.42045187353600394 0.952235364220272 0.5073765746868283 0.9544768925563712 0.5105664859314678 0.05785183395026805
0 0.3192422549246791 0.06218487608666513 0.3183750787625177 0.9455106081943244 0.41247712584565327 0.9567184208924705 0.4108821398020854 0.0690596466484141
0 0.2364905101589762 0.05378151474212732 0.2346402280138364 0.9499936648665228 0.3080078824280633 0.9432690798582251 0.31119779367270284 0.05785183395026805
0 0.15569021371086625 0.0668180755579025 0.15409528850979468 0.9410275515221259 0.2234755690788463 0.9477521365304237 0.22666548032348582 0.062334933376879
0 0.07098702062757041 0.06218487608666513 0.07434778118504048 0.9410275515221259 0.14293062957480457 0.9567184208924704 0.1453230782189083 0.0645765899762157