0 0.8827416066526758 0.06199481428559487 0.8810795703132732 0.6912334139965343 0.9766481180892205 0.7008401472415845 0.9766481180892205 0.057191539279667906
0 0.8112730296164185 0.06439645178855835 0.8104419480440953 0.6912334139965343 0.8711072254716149 0.6936351431160958 0.8727692618110171 0.08360987247035975
0 0.7422974436866429 0.052388081040544515 0.7988075668630342 0.05959313097433237 0.799638521630113 0.6792250432485204 0.739804325774917 0.686430047374009
0 0.6318960848721592 0.04561824958865382 0.7240147903427276 0.057191539279667906 0.7181975997521972 0.6792250432485206 0.6267842062273785 0.6744216766259953
0 0.5311168640929385 0.04561824958865382 0.6118256255622683 0.02837133954451714 0.6176428161527989 0.6768234057455569 0.5278914589673823 0.6768234057455569
0 0.4230649160409904 0.039615848628269716 0.5154259962139979 0.04518316853165413 0.5145949780442968 0.6672166725005068 0.41902643026834985 0.6696184016200686
0 0.3534545264306007 0.04561824958865382 0.4115471399357946 0.04998644353758115 0.4098851035963924 0.6744216766259952 0.3492198261688727 0.6696184016200686
0 0.27761037058644483 0.04261704910846183 0.34007849949691543 0.05238808104054463 0.33592334524578715 0.6672166725005068 0.2727650133091641 0.6768234057455568
0 0.2048830978591721 0.036614648148077605 0.26611674114631023 0.04518316853165425 0.2644547048069079 0.6648150349975432 0.19880325495855897 0.6696184016200686
0 0.13215582513189938 0.036614648148077605 0.1896619282866015 0.04278139360379342 0.18883091011690034 0.6744216766259953 0.12816563268938072 0.6792250432485206
0 0.02013162216004939 0.037978072789567316 0.11403813359659402 0.040379710292530915 0.10988297934546587 0.6792250432485206 0.01182131365779314 0.6720202223562278
0 0.01579218876826301 0.7208883576318711 0.012652331827494312 0.902580812454854 0.41071612176609357 0.9097857249637443 0.40988510359639235 0.7344635303660639
0 0.4240126026891792 0.7416686261081504 0.42484362085888033 0.9121875456999042 0.7231837087704045 0.9097857249637444 0.7190285545192763 0.7584802718620913
0 0.7356491715237888 0.7512752677366029 0.7364802530961122 0.9265975539508816 0.9733240454104155 0.9289991914538452 0.9749860817498179 0.7488736302336393