0 0.7445770108795818 0.041292563164279435 0.743728783110663 0.2340028844685462 0.8633397715836892 0.30096159713904275 0.9905855866238046 0.2976953078357257 0.9863440594558007 0.0478251417709136
0 0.42306923860077666 0.04782514177091356 0.4205243611323153 0.21603838674923231 0.7352457287746552 0.23073665746451583 0.7327007865856257 0.036393160358947144
0 0.018427572661437228 0.031493726403971564 0.015882662832691803 0.20950583929224162 0.4128895992857948 0.21440530439686062 0.41288959928579483 0.041292563164279435
0 0.816682972735647 0.3025947106410579 0.8803058802557047 0.330358076270323 0.8820024652346788 0.959116430935608 0.8115932177987243 0.9705483500482878
0 0.746844820966649 0.25959183829171323 0.8039583912316354 0.2993284213377408 0.7988686362947128 0.9754478151529067 0.7462735958585558 0.9705483500482877
0 0.6365468042098349 0.26367347094477445 0.6334490767425629 0.6945479318562257 0.7267626744386476 0.6961811076575275 0.7276109022075664 0.2699319422064606
0 0.5283699031598824 0.2657142872713051 0.5257142478429245 0.7010805104628598 0.6232693079864444 0.6978143457581161 0.6249660224065552 0.26339942589911314
0 0.42549579137708476 0.2677551035978357 0.42222094611128946 0.6978143457581161 0.5163828362968612 0.6978143457581161 0.5155345438073741 0.25686684729247905
0 0.41807188640306847 0.7391836750264071 0.41882771143277264 0.9672821230442573 0.7225211472706438 0.9672821230442573 0.7233693750395624 0.732110103096155
0 0.3459539523697669 0.45959183829171324 0.3467217495767075 0.9640157714416536 0.4077997796283037 0.9640157714416536 0.4077997796283037 0.45774286070539516
0 0.2727754604830344 0.4493877566590602 0.3348455252827514 0.4544765714020781 0.329755640904692 0.9656488849436685 0.2729192027416679 0.9689152365462723
0 0.1985364107428711 0.4575510219651826 0.19487512873862445 0.9672821230442574 0.2644361484056602 0.9672821230442574 0.262739563426686 0.4561097472033798
0 0.1306607081232932 0.4575510219651826 0.1897852443605652 0.45610974720337993 0.1829988397241 0.9640157714416534 0.1261623368405075 0.9640157714416536
0 0.12641847670956957 0.25346938931212143 0.12531404435102048 0.4283463815741149 0.41119301430682054 0.43324578437944716 0.40864807211779086 0.2584999607944941
0 0.019302133513048193 0.24326530767946833 0.11004458537854762 0.2503342686858449 0.10919622816849221 0.9607495444376231 0.0116411356646879 0.9607495444376231