0 0.897247687756833 0.04591836950946559 0.8980989829019271 0.9306834877406037 0.9625124197052499 0.9238788481488734 0.9608816021448804 0.052871612018836986
0 0.805504568490778 0.026077099668195762 0.8035174118543611 0.5155941561896202 0.8874992908290855 0.5155941561896202 0.8866840064628129 0.04833518562435048
0 0.8067787981472759 0.5428131471904754 0.8051481050008183 0.9420247267803944 0.8809765182432556 0.9397565135831509 0.8777150075364286 0.5609591123487832
0 0.715800185208413 0.03458050102874 0.7179047153192668 0.5087894300711032 0.7945484129279766 0.5110576432683465 0.7986252080010764 0.050603355558200176
0 0.7147808172165679 0.5561224511421187 0.7130125114659823 0.9488295394256984 0.7953638217081616 0.9488295394256985 0.7945484129279767 0.5564225994275095
0 0.6536187377058645 0.04591836950946559 0.6518605853694864 0.9329517009378469 0.7048589213197828 0.9352200871886646 0.7113818183195247 0.046066842636926376
0 0.5618756184398095 0.028911566788377176 0.5564635433347794 0.9261470613461169 0.6412608932966448 0.926147061346117 0.6412608932966448 0.04606684263692652
0 0.4675894605067704 0.025652707544769067 0.46106656350702846 0.9397565135831508 0.5442331581154803 0.9329517009378469 0.5458639134688937 0.04153037297904646
0 0.37227317195662907 0.03174603390855859 0.3689309699721924 0.9329517009378469 0.4455747297878583 0.9329517009378469 0.449651524860958 0.04379858617628968
0 0.2937818365845598 0.026077099668195762 0.28984117043684027 0.9284152745433605 0.35506989160643576 0.9238788481488737 0.35833134010630674 0.01884789489946483
0 0.22038734117171577 0.020408165427832935 0.21401275719440307 0.9216104618980561 0.2751646832908989 0.9238788481488737 0.27598009207108365 0.014311468504978182
0 0.1430765478052504 0.01884789489946483 0.13410761108582225 0.9284152745433605 0.20096702540187514 0.9238788481488737 0.2025977807552887 0.025652707544769067
0 0.06544340641126722 0.02324263254801435 0.062355992916484755 0.9306834877406036 0.1267693675128515 0.9216104618980561 0.12840006065930903 0.018847894899464975