0 0.5127724318694021 0.2080048293537313 0.5105750280552886 0.43379811304681953 0.6369275915296362 0.42715710989899647 0.6358289734481616 0.31924122041331965
0 0.6523097535307611 0.3375038840698835 0.6457173744372554 0.5632971677629717 0.8193149581708703 0.578239329845624
0 0.6445054693536444 0.5979253127861814 0.6435199706231417 0.9650762748737747 0.7709714036557108 0.9634160557534688 0.7698726179230716 0.5981622759557935
0 0.7885508018197849 0.6014829041963047 0.7797610189121654 0.9700570589012918 0.9105086414914874 0.9750378429288091 0.9149034491197148 0.7658469404386792 0.8456841392425637 0.6214057236398747
0 0.42747250232067735 0.59170124639614 0.42707234190965154 0.961755836633163 0.48750186887918334 0.968396839780986 0.4886006546118223 0.6031429966500109
0 0.3574175572657323 0.5896265575994595 0.4226775342814243 0.594841774381882 0.4160851551879186 0.9667366206606801 0.3567544139510259 0.961755836633163
0 0.21868129352946858 0.59170124639614 0.3424710376825401 0.5931816819281757 0.34356973958959697 0.9650762748737747 0.22051328183642 0.9650762748737747
0 0.14470167669134554 0.5882008345673587 0.20622990556793414 0.5882008345673587 0.20293379984676357 0.968396839780986 0.1403067852375358 0.9634160557534688
0 0.08543953528771034 0.5937759351928205 0.13261578806255567 0.5882008345673587 0.12712219470168915 0.968396839780986 0.07328496300008085 0.9567750526056457 0.08537085162887072 0.7691675053458904
0 0.20494502979320484 0.5149377609189615 0.20073631220706759 0.5765792373919176 0.06449518009246145 0.5682780151237887 0.06449518009246148 0.5085091134599804
0 0.04361959238163458 0.3590871126336587 0.06559396582510056 0.4852656657758993 0.2556722458157327 0.48526566577589936 0.43696082672432784 0.5267717771165442 0.4380595286313847 0.4703234403599473 0.08097596017506106 0.33584366494957757
0 0.34093404078221584 0.056431536852571476 0.3864197845694723 0.08348649533179658 0.4281711276422907 0.1465758035695668 0.48090957361125986 0.1814409117623886 0.48640316697212643 0.438778833741037 0.42597364000259474 0.44043905286134283
0 0.5116737299623453 0.4603619989715124 0.6325327839014088 0.4620222180918182 0.6281379762731815 0.5682780151237887 0.5083775404155925 0.5666176693368833
0 0.5116737299623453 0.594841774381882 0.629236594354656 0.5998225584093992 0.6303353800872951 0.9650762748737747 0.5105750280552885 0.9634160557534688