0 0.7974683182148995 0.05024917101939255 0.8067132045178268 0.4773605933777935 0.9585865774031492 0.4823454508832187 0.957004706431406 0.053646627856309456
0 0.6214398372022413 0.04609634709912677 0.6263633780818861 0.5039465423306629 0.763998825937469 0.4989616848252377 0.7576706178611293 0.04533851088529995
0 0.4317753852197504 0.056969887321893745 0.4460135516459456 0.3892945661622733 0.5883949745114415 0.38763290473653006 0.5915589578513838 0.05364662785630941
0 0.255537938468064 0.05855481885992411 0.2609176295018638 0.37101667079451117 0.3985530773574469 0.37932478776552053 0.3938069816493057 0.061954744827319004
0 0.07753160935413997 0.07101329062072145 0.07740381972598102 0.5022849442908219 0.22927731330953144 0.5056082037564061 0.2182032509215062 0.0636163745601111
0 0.26542717897439316 0.43646179560411014 0.25775364616192176 0.6152753224193704 0.5789029037933872 0.6102905916857496 0.5757387997552178 0.4308351510173207
0 0.08148730555667162 0.5402823936107547 0.222949346629647 0.5355174121748598 0.22769532163956038 0.9043978183648614 0.08689589044403541 0.899412897473534
0 0.255537938468064 0.6316445198566019 0.3938069816493059 0.6285682968958052 0.39064299830936355 0.962554637161928 0.25458966282197953 0.96587783324161
0 0.43652148092789145 0.6385380752925579 0.44443155997597444 0.9608930391220868 0.5789029037933874 0.9642162352017692 0.5741568080852465 0.6435230595697877
0 0.623417685303507 0.5319767457702231 0.6216172823737451 0.930983767317731 0.7576706178611291 0.9193524542670396 0.7608346012010714 0.5355174121748598
0 0.8114593002259675 0.5272092952038504 0.816205154537653 0.9492615992995911 0.9680787688194313 0.9459384032199091 0.9585865774031489 0.5371790102147009