0 0.06951867577863886 0.093872231123293 0.06402069100266942 0.5786845928096 0.15669687113587566 0.5891179810666105 0.16739025561682078 0.08136167622862871
0 0.18538320340787248 0.21338548622976844 0.18877716055247215 0.42913995812677447 0.2903645170820931 0.4291399581267745 0.29214672516662366 0.16656734866033004 0.24046187487266757 0.16656734866033007 0.23155069847625295 0.20830073585476322
0 0.17424238344352305 0.4415471550694034 0.17095480775964317 0.5960735069045073 0.28145334068567845 0.6065068951615177 0.27788892451661734 0.47609003944971284
0 0.30124773103710595 0.07214254837666112 0.30462245370586066 0.430878823002888 0.4115565704628346 0.4343566190885581 0.40977422640454275 0.0796227781857935
0 0.43493757060929844 0.0743155166513243 0.4275965791973718 0.4447899410121252 0.5274018636162228 0.43957328005034163 0.5345306959543458 0.07092832113833986
0 0.30284010964756897 0.4621788551070325 0.3901696655271831 0.45870112535480556 0.4026453940664201 0.8638628104994572 0.30640466179039155 0.8482127612806633
0 0.4365077555937865 0.46217885510703266 0.4240321630283105 0.886468451889591 0.5274018636162228 0.8899461816418182 0.5238373114734007 0.4656566511927028
0 0.5737399536828262 0.07788388014295847 0.5790865779364182 0.18743402567418585 0.6539405412505565 0.164828450617495 0.6699806859588548 0.06745059138611283
0 0.5753119021601006 0.25684485172303223 0.5612642251435895 0.9003795035653852 0.620078043749429 0.9073350957367253 0.6557227493350876 0.2326452421210107 0.6236424599184909 0.2222118538640004 0.6129490754375455 0.2482952250063614
0 0.7056252555707518 0.05527830508626756 0.6806740704397997 0.41001211282231065 0.8179061325550786 0.4204455010793209 0.8392929015169689 0.06049496604805126
0 0.6778074458321149 0.448066059893393 0.6396826046267886 0.9142906879080656 0.7893905312550654 0.938635194174313 0.8214705487241405 0.44652887222168175
0 0.8627450572403145 0.04606692908070284 0.8339464132371378 0.4291399581267745 0.9444449461631731 0.43783441517422816 0.9783073076905398 0.04658384803881396
0 0.833778925333006 0.4611038695413721 0.8072128840478948 0.9368961966313133 0.9177114169739294 0.9421129239265398 0.9444449461631734 0.4621788551070325