0 0.6110194051120195 0.19107423360156864 0.5928581334800531 0.2311382138536158 0.9570337721016451 0.2293435151708664 0.9543950589267409 0.17191449230760303
0 0.6407125756827883 0.1372505063084536 0.6034137915247563 0.1772985198950965 0.9702285459937954 0.16832523186361367 0.9623116011239965 0.12166405879307311
0 0.6605080227299673 0.06772819188818001 0.6561928870933583 0.11628009966633443 0.8884211894659878 0.10012818805574082 0.8884211894659877 0.05167248745433761
0 0.09303854071083159 0.056514915368781 0.08353978070853442 0.24729009123383203 0.4714660526032516 0.26703136597954696 0.5479957814449787 0.0032166841618023333
0 0.050148405441943475 0.2785377904528806 0.0202048257589572 0.4447024279264533 0.4345208467742471 0.4608543737674239 0.49257777136520076 0.2885672024865018
0 0.4952166858763765 0.48059558005238445 0.3184067962560681 0.9202866935950401 0.7670291085891856 0.9274653514045286 0.7828627969925124 0.48777423786187235
0 0.05674688779100327 0.5969948436038114 0.12312410238498615 0.6905706706027412 0.35007417306272076 0.6923651639032267 0.3711858918246702 0.6080163111758924
0 0.033652199569294265 0.5342004950951771 0.03603851416228362 0.5757124194939505 0.38965849473917247 0.5775071181767001 0.4028532686313229 0.5326406780192863
0 0.060046128965533165 0.4714061465865429 0.42396498739327243 0.48777423786187235 0.4028532686313227 0.5182834308610647 0.04395545903208253 0.5075154441468325
0 0.05187240390188142 0.767740797059833 0.009648966377982762 0.8287591830582179 0.29993399200529436 0.8287591830582179 0.3157678817448923 0.7838927429008041
0 0.08353978070853453 0.7210797266804244 0.06506717779403214 0.7462048920921236 0.22868229352219013 0.7497942209968675 0.22604337901101407 0.7121064386489419
0 0.363268946954871 0.8377324710897007 0.32368462527842007 0.9166974331510511 0.6852215507251064 0.9220813238170349 0.6746656913441325 0.8879829388346079 0.7142500130205838 0.8772148836596211 0.6984163246172576 0.8449111288991888
0 0.3767732817203995 0.7786499232180747 0.3606300324436956 0.8144018674392417 0.7643901940780101 0.8161966345827453 0.7643901940780101 0.7820981126788092
0 0.41077021350112136 0.7210797266804244 0.38965849473917263 0.7605622077110996 0.7696680231003616 0.764151468155089 0.7670291085891858 0.7318476449339021
0 0.42956114051287725 0.6530612262008062 0.41340912801229784 0.7031331506174591 0.7775849679701602 0.7121064386489417 0.7775849679701604 0.6618560393647892
0 0.46091039455854793 0.5990430231444095 0.4318817309267999 0.6510880526505569 0.7723069376115373 0.6457042304453273 0.7723069376115376 0.6134002703026312
0 0.4793829974730502 0.5200780610830595 0.46091039455854793 0.5864804062081826 0.767029108589186 0.590069735112927 0.7591121637193868 0.5362300069240302
0 0.4978556003875522 0.47341699070365073 0.5004947162349995 0.5236673899878034 0.7775849679701605 0.530845979336537 0.7828627969925123 0.49136356676661636
0 0.5681292698431313 0.2942363775800392 0.532162093041652 0.39445202864230045 0.8989768475106913 0.3926573984203058 0.9095325055553944 0.29754049051798465