0 0.9361736609800615 0.062439874342160015 0.9840053195711614 0.06468530477415552 0.9840053195711614 0.95832905796468 0.9392596389925973 0.9493476788478149
0 0.874035476166525 0.05106621987356745 0.8705981291184836 0.9515929808006418 0.9261445561638868 0.9448570749421615 0.9238301020839909 0.0691759086798089
0 0.8113425749319572 0.06790123670858433 0.8081085752694415 0.9583290579646802 0.8597975003696686 0.942611772989335 0.8605690243023087 0.07366655541185187
0 0.7502478118621669 0.06468530477415545 0.7494762879295267 0.969555739034372 0.7949934924407308 0.9605743599175068 0.790364584280939 0.0691759086798089
0 0.6877581402951004 0.06468530477415552 0.6823578259206929 0.9493476788478149 0.7379041352480717 0.95832905796468 0.7355896811681758 0.0759119858438473
0 0.5982668968559969 0.062439874342160015 0.5998098270032526 0.9515929808006418 0.6738715335337496 0.9448570749421614 0.6715571971718783 0.07142121063263544
0 0.5065586243146731 0.06509540056941485 0.5033751624654493 0.9471023768949884 0.5805228470084823 0.9560837560118534 0.5820658360147503 0.07366655541185194
0 0.42071757493195716 0.05948372829107589 0.41542684917360173 0.9403662997309499 0.49103154471036653 0.9291396186612579 0.4941174638638903 0.06019452956294382
0 0.34136502492508036 0.06468530477415552 0.34599393308487225 0.7225687555011517 0.4053976266394026 0.7337954365708435 0.4053976266394025 0.048967848493252045
0 0.27121911814183364 0.04826038373439797 0.2727036327689909 0.700115393361768 0.3344217804034172 0.7180782372482772 0.33596471055067295 0.07591198584384744
0 0.1986418085204695 0.05121319327246817 0.1947844242933179 0.9291396186612579 0.261131480087536 0.9246490147556048 0.25958849108126797 0.05570388283090078
0 0.2750771428331917 0.7272727294134103 0.27424656291624666 0.9358756958252965 0.40925501086655425 0.942611772989335 0.4046261615657747 0.7562487987102271
0 0.1322948115852637 0.04447720176120894 0.1253515082045883 0.9246490147556048 0.18552672569175888 0.9336303938724699 0.19015557499253838 0.06019452956294353
0 0.05900451126938247 0.04672254654042521 0.056690086618992726 0.9336303938724698 0.11300789044950552 0.9448570749421615 0.11455087945577352 0.060194529562943605
0 0.015801819697086508 0.042231942634771834 0.013487395046696764 0.9381209977781233 0.04820385309106155 0.9336303938724698 0.04588939901116564 0.04896784849325175