0 0.9148335981288336 0.06213266376417422 0.9186181723984103 0.9469563748708681 0.965235714772169 0.9469563748708683 0.9735065042972066 0.06900166205844918
0 0.863729725769356 0.06452236949764631 0.8584664752115579 0.9379976188752044 0.9073397291758751 0.9379976188752044 0.9065877870689367 0.05108419278563583
0 0.798270334357448 0.05653512668049103 0.8005703748850072 0.958154777146934 0.8486918014726431 0.9514358383057293 0.8494436288493243 0.053323967221580754
0 0.7396668503214737 0.062282595061701175 0.7389149082145352 0.9424770823100656 0.7825249116210544 0.9424770823100654 0.7847806232116127 0.06452236949764617
0 0.6826470969067994 0.06213266376417422 0.680266980511303 0.9379976188752044 0.723125156541141 0.9223199240383363 0.7268846376153193 0.0734809973377666
0 0.5937989158052032 0.062282595061701175 0.5915433189449022 0.9290390337535986 0.6637252867309702 0.9402374360296641 0.6637252867309702 0.06900166205844904
0 0.5031020696460361 0.04813882105496624 0.5013157157994953 0.9379976188752044 0.5734977409506921 0.9469563748708683 0.5757534525412503 0.060042906062785124
0 0.4203797534211817 0.05933389522233263 0.4171033626839541 0.9335183263144016 0.4892853878351506 0.9312786800340003 0.49379675365113884 0.06452236949764624
0 0.3461176740829603 0.05093758959680783 0.341913741200389 0.9312786800340003 0.40432109261267074 0.9267992165991389 0.402065438387241 0.057803259782383765
0 0.28031583163137164 0.04813882105496624 0.27499496660699035 0.9469563748708683 0.3351466637938424 0.9491960211512699 0.33439477905203246 0.060042906062785124
0 0.21033190360415016 0.06452236949764624 0.20657242252997196 0.9379976188752044 0.25770133071971885 0.9357579725948031 0.2674760044586338 0.0533239672215809
0 0.13837185720008754 0.04534005251312471 0.1328865705300267 0.9357579725948031 0.1930382677168787 0.9357579725948031 0.1975496335328669 0.03988579050957041
0 0.08100572023334109 0.04436516850740237 0.07799815258353705 0.9290390337535984 0.1201043578238721 0.9267992165991389 0.12386383889805033 0.05332396722158082
0 0.02462867239091289 0.03694374688759992 0.01784645539668506 0.9312786800340004 0.06596779593662808 0.9290390337535986 0.07047919043518058 0.0533239672215809