0 0.0333712281471059 0.03567725682306481 0.031482550488693826 0.3967720453710564 0.17880171339471135 0.39515274925078564 0.176912891639431 0.03567725682306473
0 0.1964580441309401 0.030756780175919575 0.2014661334893901 0.33847868220775207 0.29401277972025414 0.33685944785731203 0.2996788126954895 0.04215428687957122
0 0.3310507241781656 0.0408741415680685 0.3223433768870369 0.3352401517370411 0.41866737843472407 0.3190475611533171 0.4111125237042086 0.032438726352353786
0 0.4356657655541677 0.0567276739977707 0.4394431208709913 0.3368594478573121 0.5395446218323707 0.3303823869158901 0.5338784447602669 0.03729649117350482
0 0.5600944077673039 0.03885066928963873 0.5622090419270493 0.3320016830361611 0.6547556881579133 0.33038238691589006 0.6547556881579133 0.0405350216442158
0 0.6793089300078726 0.03567725682306481 0.6698653976189453 0.3983912797214966 0.8171844164280937 0.38057945478733285 0.817184416428094 0.0292001958816428
0 0.8410861433044938 0.028733307897489804 0.8379603029612293 0.38705645395892363 0.9966115318177171 0.39515274925078564 0.9928341765008941 0.03243872635235386
0 0.19881931921948792 0.36260623383840446 0.19579995641728623 0.45668458111497023 0.6566443658163256 0.45668458111497023 0.6472008334273978 0.3562905689117469
0 0.03353006302114082 0.4071226239638598 0.03148255048869391 0.8598801731274582 0.17691289163943097 0.8550223465364762 0.17313553632260748 0.4210609312466424
0 0.19881931921948792 0.4718737368736129 0.19391127875887465 0.8614994074778981 0.2996788126954894 0.8598801731274583 0.29590145737866574 0.4777349982896759
0 0.31924434873542656 0.47794415370890225 0.31667719981493264 0.8614994074778981 0.4186673784347243 0.8631186418283383 0.4092238460457966 0.48259276311082694
0 0.4375544432125796 0.4680194068775432 0.43188826614047554 0.8631186418283383 0.5301010894434435 0.8614994074778982 0.5433219771491945 0.48421199746126714
0 0.5671782330329472 0.47794415370890225 0.5470994765628864 0.8695957027697601 0.6490895110858093 0.8598801731274582 0.6453121557689858 0.4809734669905558
0 0.6663517867519555 0.4253338744697278 0.6679765758636644 0.8647378761787782 0.8171844164280937 0.8728341714706399 0.8190732381833744 0.4226801655970824
0 0.8363635931273985 0.4273573467481576 0.8322941258891251 0.9683704806225433 0.9815018223566863 0.9635126540315612 0.9871679994287901 0.4291572265385041
0 0.8134070611112706 0.8955038229957857 0.8134070611112706 0.9699897149729831 0.035259905805517425 0.9699897149729831 0.035259905805517425 0.8793112324120619