0 0.9333641934127197 0.056053478330448395 0.9284266913756085 0.8161686138258845 0.9712179152889657 0.8181848033345451 0.9728637074460382 0.04395614899673498
0 0.8788065655241287 0.04585538111095859 0.8782292144065849 0.8000387901058003 0.9201976050243517 0.8383470060719511 0.9169060207102061 0.060085934260469515
0 0.8253086231372975 0.05089443376905888 0.8247401531234152 0.7355198797889614 0.8675315026026651 0.787941422315737 0.8634169594270368 0.058069783208158705
0 0.776954713672277 0.055933486427159174 0.7770115527388398 0.6951954743141499 0.8156882334765684 0.7335035364549012 0.81239652359653 0.06210216222548005
0 0.726543191038532 0.04585538111095859 0.7226995325941877 0.6447899674706353 0.7630220054889889 0.6851143729454471 0.7597304211748432 0.0520210608567771
0 0.674074055236063 0.04333585478190851 0.6725020556251637 0.6024492186617639 0.7120016952243751 0.640757357715215 0.7111788619287852 0.0500048328917667
0 0.6257201457710423 0.053413960098109024 0.6190129943419942 0.5701896481342948 0.6568668417841329 0.5984167627317429 0.662627177116834 0.05202106085677703
0 0.5547324914500547 0.055933486427159174 0.5531803663148859 0.5238165972208015 0.6066693648151091 0.5601085467655922 0.6083152825380747 0.047988681839455635
0 0.4899176766352399 0.05089443376905888 0.4840560284077392 0.5338976985895045 0.5416596328665372 0.5298652426594835 0.5433054250236098 0.05000483289176663
0 0.34416156043637286 0.03790758047075295 0.3400470172607445 0.5399463440281865 0.3811924490170287 0.5480112558882285 0.38448409611412065 0.04395614899673511
0 0.39320985770519873 0.053413960098109024 0.39189022360389475 0.5439787999582074 0.4223378807733128 0.5419626104495469 0.4206920258332937 0.05403725036543793
0 0.433035655360179 0.04395614899673505 0.4289211121845505 0.5177679517821198 0.4774727342135552 0.5278490531508226 0.4774727342135552 0.056053478330448325
0 0.29341561902207114 0.03577727579475807 0.28984960307466695 0.5540599013269102 0.3301720759694684 0.5520437118182495 0.33346372306656047 0.04798868183945576
0 0.24047508496712605 0.04193995948807428 0.237183437870034 0.5359138880981653 0.27503722252922613 0.5500274453968891 0.2775059735477818 0.04395614899673492
0 0.18539092766404644 0.03577727579475807 0.18616306482247363 0.5056705839920567 0.2264856005002215 0.5419626104495469 0.22319395340312953 0.037907580470752975
0 0.13806582478338797 0.03829680212380822 0.13431985847932346 0.4693786344472662 0.17299653921705205 0.511719306343438 0.17793397847121686 0.039923731523063784
0 0.09074072190272957 0.03829680212380822 0.08823698746887446 0.4068758367263883 0.12197622895243819 0.4673624449386055 0.12773656428513944 0.03790758047075288
0 0.03209874659408759 0.04081632845285836 0.029810455540066984 0.16492940387751936 0.07177881476636079 0.36251897532155564 0.07177881476636079 0.04597237696174555