0 0.4875540630125895 0.29379941898239587 0.49540091311993967 0.46170304516077587 0.8005451855259581 0.4583728708814888
0 0.3766233270818537 0.22097378435900844 0.3807014417126875 0.4067553918648089 0.4824160891073633 0.40509027296626976 0.47808786947350307 0.2835393881557262
0 0.03011020270715435 0.0021407413584205903 0.1166759162723238 0.005470915637707644 0.12316841083410968 0.4050902729662697 0.0279460928902243 0.39842998792548673
0 0.14393934439787096 0.03578859917382325 0.14697394904233205 0.40842044724555665 0.24219626698621735 0.40176016220477384 0.24652448662007764 0.1103710560873983
0 0.26298696344549005 0.1273408255575103 0.2595093106326541 0.3967648690269477 0.3612241231383253 0.3967648690269477 0.3590600133213953 0.20028534876250592
0 0.024891725350251838 0.41448189921543793 0.019289488511508048 0.5083252945174211 0.4715953749117169 0.5116554687967084 0.4780878694735029 0.4234061997434529
0 0.027597353055879667 0.537245111866291 0.02578198307329388 0.8713129570860949 0.12533252065103984 0.8746430678475908 0.12316841083410973 0.5233110470153175
0 0.15205622751475406 0.5268414497772356 0.14480983922540186 0.8746430678475908 0.2248830582287855 0.8663176639082687 0.229211442973641 0.5283062766753525
0 0.2656925911511177 0.5289221821950467 0.2551810909987938 0.8696479017053471 0.3460750241978235 0.8596573153496945 0.35256751875960934 0.5199808727360303
0 0.37932895478748135 0.5247607173594245 0.3807014417126874 0.8696479017053471 0.4759235945455775 0.861322497766025 0.47375948472864715 0.5299713320561001
0 0.4956709461294726 0.4769038717497699 0.48890858366914913 0.8663176639082686 0.63607019766334 0.8696479017053471 0.6339060878464096 0.4766887976586723
0 0.6688311192896457 0.47066167449633667 0.6598757358715622 0.8613224977660251 0.7962169658920977 0.8613224977660251 0.8092016247936786 0.48168402731870724
0 0.8365800370385638 0.4810653365853921 0.8200223389893246 0.8646526085275208 0.9650198431665851 0.8563272045881988 0.9715123377283711 0.4683633937193503
0 0.014961268877647762 0.8962891689040611 0.021453598328438288 0.9628924004186373 0.46293877053300103 0.9695527489772114 0.4629387705330009 0.894624113523313
0 0.4875540630125895 0.8888888904763617 0.4889085836691494 0.9612273450378894 0.956363403898865 0.9695527489772114 0.9563634038988649 0.8929589311069827