0 0.8900569395841293 0.060832248129840255 0.9606728373857861 0.06254396067740706 0.954947172890353 0.8893137888958618 0.8795600821554308 0.887602076348295 0.8900569395841293 0.060832248129840324
0 0.7971844210086532 0.05818181981377426 0.8700174050695064 0.06083224812984039 0.8614289083263567 0.8858902332054321 0.7898588301819256 0.8858902332054321
0 0.6981627078137116 0.04534759521484375 0.7764991405055104 0.050561809600319786 0.7717278019625482 0.8841785206578653 0.6887065404369472 0.885890233205432
0 0.5608345801197449 0.052273554796710524 0.679163863351023 0.050561809600319786 0.670575366607873 0.8858902332054321 0.5598803269721223 0.880755095562732
0 0.285373397386606 0.04748663264799882 0.3222676529716406 0.052273554796710524 0.3213133998240179 0.2799347843984329 0.5436578050479908 0.6907521949839582 0.5341151279620664 0.7780507755651748 0.28505119777556676 0.3381339251827747
0 0.3462180645304857 0.04534759521484375 0.3871578862778644 0.050561809600319786 0.38429505403014785 0.24570001106591374 0.5465205644908588 0.5298486036067631 0.5417492259478967 0.6582290036037097 0.3423072602911118 0.2730878036128699
0 0.401097568228887 0.04748663264799882 0.3995633228066569 0.2474117236134805 0.5503376498861984 0.4939021177266774 0.5465205644908588 0.3672334302772974 0.45013954048399424 0.1960595962635259 0.44632245508865487 0.05569707783831608
0 0.4655213334400538 0.04534759521484372 0.5455663113432362 0.045426574011147504 0.5493833967385753 0.18578915773400534 0.4634993029652579 0.18407747783526274
0 0.48460985646558463 0.20577540270147474 0.5465205644908591 0.334710434789993 0.5446120581956133 0.21831221851895774
0 0.06466234990390497 0.41967914601698275 0.09801474145242242 0.4220090806688575 0.231612220655361 0.6907521949839581 0.15527080396796755 0.8379616288970831 0.15908788936330687 0.8756198273247356 0.08274647267591342 0.8756198273247356 0.1924872591640415 0.6890403518410955
0 0.0760666278377058 0.39804477851468295 0.10564891224310106 0.40489169400259806 0.1781732435351552 0.5503894806658043 0.20298418939758842 0.5366955843923261 0.20489276849768231 0.5247134006664148 0.08942631751412096 0.30903435479060365
0 0.15049946542500542 0.2593939073393918 0.11232875708130866 0.30561086439782215 0.20966410704064445 0.4802082214531993 0.24688048943186988 0.4271442836092058
0 0.05869718645842655 0.4645989321132395 0.12855135181028884 0.5966065683195307 0.028353242408084862 0.7592216763513484
0 0.05869718645842655 0.7362566861239347 0.10278607999538453 0.6582290036037097 0.11137450393368589 0.8362499163495163
0 0.2917311154186226 0.39633300066946814 0.34230726029111175 0.4784964436079843 0.29077686227099986 0.5640833769392821 0.3842950540301478 0.7472394273277889 0.33753592174814967 0.8465203222302129 0.21157261333588984 0.5521012585110189
0 0.47506559495281925 0.7383957235570898 0.4300999331645232 0.8054385681121308 0.4262828477691839 0.880755095562732 0.36520969985829943 0.8841785206578653 0.3652096998582994 0.8122855488976937 0.4434596956457867 0.6787698806627509
0 0.48460985646558463 0.7662032101881058 0.4501395404839944 0.8208442422308235 0.4482310341887488 0.885890233205432 0.5283894634666331 0.8841785206578653 0.5302980425667271 0.8362499163495163
0 0.1648770957879422 0.16941176633783836 0.10851167168596934 0.2936286806719109 0.08847206436649821 0.25939390733939177 0.10564891224310101 0.053985267344277256 0.1476367059821371 0.055697077838316116 0.19248725916404147 0.13101350734244527 0.19344151231166423 0.16011307773461614
0 0.1619507216110234 0.2063300347930465 0.21252686648351257 0.32786345400442996 0.2631030841608501 0.3261517414568633 0.2592859987655108 0.2474117236134805 0.2611945050607563 0.10533742734305586 0.23065796750773826 0.10191396959909836 0.20584702164530505 0.139572200675575 0.20775552794055055 0.20633003479304654
0 0.3629205221778253 0.5287700551078919 0.3394445008482435 0.5692186451772786 0.3785694623395629 0.6342647014495352 0.3633011935630538 0.6650761149845689 0.38906639257311 0.7095811636024884 0.4291456800169005 0.6428233947826649