0 0.7979385706904766 0.056485133337402224 0.814028133889998 0.3894626598748896 0.9289515812092747 0.38400402555335067 0.9197574949926155 0.036470152393476465 0.8071326569071359 0.03283100500386614
0 0.6298850048547504 0.041382448301363 0.6301504428198913 0.3949212941964284 0.7680587549622874 0.3894626598748896 0.7611632779794252 0.0455678993994751
0 0.44597695887773897 0.041382448301363 0.4692576165729039 0.38582354719042977 0.600270276373174 0.3858235471904298 0.5841810638921808 0.047387386331403596
0 0.29687244559398934 0.04556789939947506 0.3083647903259168 0.4021995195653477 0.44167605935998355 0.398560406880888 0.42788510539425884 0.05830468967963198
0 0.06932398482996895 0.06012424602186193 0.04174242761704819 0.4112972665713462 0.28078323311299663 0.4131167882084255 0.2692908883810685 0.04374827364694393
0 0.06666661405015278 0.4347430667643007 0.03484695063418587 0.8115982042455846 0.30376792257685137 0.8115982042455846 0.2807832331129965 0.43313187326780306
0 0.30376792257685176 0.4385905075893419 0.32445400280691006 0.8170567691568222 0.45546683796644394 0.8134177258826639 0.42558667151972657 0.4276732389462644
0 0.474712591061647 0.42110050196211785 0.48304839517936454 0.7988612751448251 0.6209565319624966 0.7988612751448251 0.6071657533560357 0.4276732389462644
0 0.6327585680731413 0.4256480235628455 0.6554335661582793 0.8115982042455846 0.7818493582094836 0.8079590221508237 0.7680587549622874 0.4222145352144241
0 0.8025357891580701 0.4240341262618044 0.8094309154224045 0.8115982042455846 0.9496376614393327 0.8061395005137444 0.9358467074736083 0.41857549194026566
0 0.06954017726854353 0.8417462500294212 0.2440075896834164 0.9735379898958773 0.9496376614393331 0.9717184682587979 0.9496376614393327 0.8352522631688195