0 0.11036210820140278 0.04383676047667093 0.09616112738305647 0.14854395741971155 0.20266807722888408 0.13996139814635633 0.2044431659735298 0.03697068686609451
0 0.10696844582657157 0.2063492079857131 0.09971130487234785 0.36310793925359014 0.1884670964105375 0.36997401286416653 0.1866920076658919 0.19488979059177539
0 0.09616112738305647 0.39228865387894385 0.08373537073994591 0.6720800730943755 0.16361558312431637 0.6755132408591253 0.18669200766589172 0.40430424995758724
0 0.09365286659887516 0.6954096970462021 0.08196014656470993 0.8660459650559865 0.15118969105061597 0.8626128627709673 0.15118969105061594 0.6926783594058354
0 0.2150938338719944 0.41117025808843277 0.17249116227813568 0.8780614956548991 0.3287012741269952 0.8917936428760519 0.35355292284380613 0.4266188909723645
0 0.2268086588758392 0.041184042820547925 0.2079934788934115 0.368257461721657 0.3571031003330978 0.38370609460558863 0.3748542586407358 0.03010471147511428
0 0.40434971524512453 0.019734021370526485 0.3695289924067985 0.4025876988150777 0.48136120848656344 0.41460329489372105 0.5079879459480203 0.026671641929960615
0 0.36775390366215266 0.42146936850429745 0.4795861197419175 0.43005192777765266 0.4476341160465235 0.9072422757599835 0.33225158704687674 0.8986597164866285
0 0.5019972962482315 0.42728442892093393 0.6393465445106586 0.45236656879242965 0.6056193166400291 0.9347064392428278 0.47248562933274413 0.9141082184110982
0 0.5241899282943921 0.021879023515528617 0.49911236679420135 0.4094537724256541 0.637571455766013 0.43691793590849826 0.6677483707167621 0.018089049916740155
0 0.6872747531996352 0.03353768280067169 0.6624231044828243 0.45236656879242976 0.784905988461054 0.45923264240300626 0.8062075951191633 0.00435696817531808
0 0.6588727915629425 0.47124817300191885 0.7760304093072347 0.47468120980720707 0.7440785410424308 0.9656035740512293 0.6269207878675483 0.9450054841789615
0 0.7991069692794002 0.4866968058858503 0.754729073510305 0.9724696476618055 0.9002885174607003 0.9913512518712946 0.9375660582512121 0.5055784100953395
0 0.8260097241221773 0.006864008500513615 0.9588673940481413 0.0009239313700298085 0.9375660582512122 0.5038619244325607 0.7955567917901086 0.4660986505338519