0 0.8744027730254289 0.03648110371991559 0.8731350698025513 0.46347554982819483 0.9923100061698747 0.46180102347825147 0.9847032064709935 0.03648110371991559
0 0.7374784439068437 0.033132114896677764 0.7387461471297213 0.4584520985316625 0.8503142837981632 0.4551031097084247 0.8465107872217864 0.04485354383968578
0 0.5878756316554425 0.03815556619321012 0.5916791282318193 0.5438509622026589 0.6981759683740708 0.5421764997293642 0.6969080716973214 0.03313211489667771
0 0.46236159881211514 0.018061729068756298 0.44841550918335776 0.5405019733794212 0.5612514458016136 0.5354785220828887 0.5574480459521729 0.048202564601248096
0 0.32036577971346747 0.120205472979293 0.368542951621871 0.048202564601248096 0.42179132332952907 0.04820256460124804 0.4255948199059058 0.5354785220828886 0.3178301798138403 0.5388275109061266
0 0.17467107574806331 0.3247541342601788 0.2848668974840075 0.16541672627803058 0.28867029733344846 0.5421764997293643 0.17837005734175596 0.5371529845561833
0 0.15174587148792684 0.3663552572141906 0.14667457496173666 0.5471999510258968 0.031303038443853924 0.5354785220828887
0 0.8689173905364609 0.485875707811131 0.8756706697021786 0.8486077953376233 0.9885065095934981 0.8469333328643288 0.9859709096938709 0.4852438813642676
0 0.7341892244245574 0.48796819577932515 0.7349426505533444 0.863678213103869 0.850314283798163 0.8603291604039824 0.8452430839989088 0.49696531030727553
0 0.5899508348224017 0.5800376663798692 0.5840722318060018 0.9423790991283898 0.6969080716973214 0.9474026143015709 0.6943724717976942 0.5840387003282154
0 0.3410999868274738 0.5863151302844516 0.3317761727156617 0.9407046366550952 0.5574480459521729 0.9390301741818009 0.5523767494259827 0.5857132905548076
0 0.3204945025985944 0.5821301543480634 0.3165623798640267 0.766557856613216 0.014821348915469575 0.7699069093131025 0.016089148865283117 0.5806897115049774