0 0.8396148051979453 0.17018348798839325 0.8277308734630421 0.49655899494460326 0.9509564294386473 0.4121301914084073 0.9641593234691069 0.1955520780159973
0 0.6965611600810265 0.13119266230031984 0.6891018291973859 0.28732247098017555 0.7969242326464835 0.28915792084861114 0.8035256796617132 0.15700850596951713
0 0.564511641511563 0.09908257055720059 0.5592746583247794 0.27814543168375777 0.658295356262599 0.27998088155219336 0.6626962090182377 0.1221357636446548
0 0.4404497872230414 0.08726309133504583 0.431647913829992 0.2708038422557755 0.5284681853899923 0.2652975626657221 0.5328692060274027 0.1147942092242993
0 0.3086656992832273 0.0692660567957327 0.29521946382392716 0.2726392221089577 0.40524246153261545 0.2744746019621399 0.41184390854784536 0.0872630913350458
0 0.052819757054891676 0.018807341199402416 0.05096844248699304 0.2689683923873399 0.26881401152655054 0.27998088155219336 0.2798163112974192 0.08359219159817456
0 0.6802999558043366 0.314853588869429 0.6736985087891066 0.5130776236690033 0.7859219328756146 0.5240901128338568 0.7947239741504353 0.3221952483126646
0 0.5700137047852906 0.31009174486912716 0.5460719321760906 0.5167484533906211 0.6384911830986804 0.5149130735374389 0.6450926301139106 0.31668903873786464
0 0.4272470610743532 0.3111827591478112 0.4184451876813036 0.5204192831122388 0.5196663119969427 0.5167484533906211 0.5174658856191232 0.31301820901624683
0 0.297661572735772 0.30550458890582444 0.29081861106828816 0.5039005843725854 0.3920397353839274 0.5020652045194032 0.39424016176174653 0.3130182090162467
0 0.06197074225786186 0.3001703399982112 0.04656742184958265 0.4965589949446032 0.26001213813350116 0.5057360342410211 0.2600121381335011 0.31852441859104674
0 0.04436699547176321 0.5222546629654211 0.0289638429452554 0.8122490907291735 0.2358071122139439 0.817755370319227 0.2534106911182713 0.5332671521302745
0 0.28665744618831673 0.534862387070962 0.3898393090061076 0.5387733617050746 0.37443598859782856 0.8195907501724092 0.3436295156630415 0.8489572479148447 0.2666134172669594 0.8379448287652449
0 0.4132049014840526 0.534862387070962 0.403042035154796 0.7957305320200269 0.5042631594704351 0.7351620166514666 0.508664012226074 0.5461150211483101
0 0.5460719321760907 0.5497857808546746 0.5394704851608608 0.6856061304782665 0.7243091548878117 0.5534566105762924