0 0.6414262453715007 0.07490144713740574 0.6444070430521296 0.16174781641298988 0.9071839499293733 0.15999527512376047 0.9456390056589262 0.08112820942261388
0 0.6434294504997057 0.18440648436911836 0.6396000999631155 0.2739143365971966 0.8607171593906083 0.27216169502330706 0.9071839499293735 0.19154202117649105
0 0.6354166299868853 0.2895313201115625 0.6396000999631154 0.3738125663334968 0.8222621036610552 0.3738125663334968 0.8575126121616921 0.3037085079324777
0 0.6347931568741008 0.3948437972250906 0.6363955527341996 0.49123687752649203 0.7725907658933745 0.4929895191003814 0.8110460661142092 0.40010158823387915
0 0.6474358607561161 0.5151116968088905 0.6476115902810456 0.5963929651280209 0.7197151253880596 0.6051559724281482 0.7645792755754439 0.5157733247094247
0 0.3729967581920135 0.06833114490350298 0.40085766403966294 0.16174781641298988 0.6171679026237823 0.15999527512376047 0.6123610817804083 0.08112820942261388
0 0.39284617372173297 0.18978944645904147 0.4200853141500803 0.28092470232343447 0.6107586859203098 0.27216169502330706 0.6107586859203098 0.188036838313372
0 0.4489266059472452 0.40360680452521813 0.4729610769010361 0.49298951910038136 0.6091564123058517 0.4947420938178312 0.6091564123058517 0.39484379722509083
0 0.426494408607912 0.2984507169236893 0.44251738924377276 0.377317782624836 0.6075541386913939 0.37205999161604736 0.6059518650769361 0.3002033584975787
0 0.47296107690103584 0.5175258994268742 0.5002002173293837 0.5998983151322398 0.61075868592031 0.5981456067019103 0.6091564123058519 0.5140206831355353
0 0.12045550291210133 0.06885995240292749 0.14609224748035018 0.17752128972401518 0.3559933916066376 0.13195357822126877 0.339970410970777 0.01803448331961257
0 0.14448997386589207 0.238862307396687 0.22780954651975224 0.443916624734516 0.22941182013421024 0.5806195921016556 0.4264944086079119 0.4614426393347709 0.34958417490316507 0.1547374172585319
0 0.6354166299868853 0.6202365325513347 0.7149081822990448 0.6244346286022925 0.6828622210273239 0.6910334707119729 0.7117036350701293 0.7786635437132468 0.6283840624162692 0.9784601368987275 0.4409151156293148 0.8995930711975807 0.4665518601975633 0.7751583942783477 0.5050070381727574 0.9048507953499292 0.567496687101742 0.8943352133323523 0.6444070430521295 0.8014474161787298
0 0.4951922710125263 0.6224266332959689 0.5322461786011048 0.8838196313147756 0.6219748457127967 0.8172207223486553 0.6396000999631155 0.7821686931481457 0.6027471956023792 0.63319763590242
0 0.8717948351150903 0.6027157265942608 0.9007746109802597 0.8838196313147757 0.8430920273859303 0.9013456459150303 0.7469541435707661 0.8733040492971986
0 0.4310897069099621 0.5107314953196221 0.24062785768105635 0.5893825994017831 0.10283024866178263 0.7996947077484003 0.01310158155009107 0.8417571695315881 0.009896912075534421 0.9907282936337536 0.5306437827410064 0.9994913009338813 0.3944484473361905 0.9241295183805135 0.42168758776453835 0.7786635437132468 0.30471978022449897 0.7488694392344056 0.31753821363144374 0.6945386870033117 0.3608002124500112 0.7436115145127372 0.4280968044680105 0.7453640892301866 0.4697565296721203 0.7068068437383382