0 0.03738719557382395 0.038805824893581045 0.032599434220998647 0.18897153723463253 0.9757788018590964 0.20350369499727114 0.9821625648347496 0.05656742633111031
0 0.03830802412101587 0.2122679595700958 0.034195314085997366 0.3052288301334108 0.9725870421290992 0.3294491033370316 0.978970561589094 0.240641434923755
0 0.032599434220998647 0.3472106739768911 0.03259943422099857 0.48284416695996407 0.9709910405062712 0.5038350580840341 0.9677992807762735 0.36335752277930494
0 0.03232238964376121 0.5108958853166656 0.09483972301858287 0.5135232043226864 0.09164784153075635 0.9188090846251399 0.02142815340817846 0.9220385283000306
0 0.12037416613205026 0.5215966287238933 0.185806214659632 0.5215966287238933 0.1810185750646356 0.9220385283000305 0.11079876518422858 0.9284971692684523
0 0.2098962124689808 0.5149313978267545 0.28475234914133296 0.5135232043226864 0.2767728280585102 0.923653188542136 0.20495713831310433 0.9333412731854481
0 0.29968072962779957 0.5108958853166656 0.3805066021352075 0.5135232043226865 0.37093107942955683 0.9317266129433429 0.3070949107669738 0.9349559334275538
0 0.39146045827903664 0.5209846665918876 0.46189769282843507 0.524826010803444 0.45551405161061104 0.9381853771024447 0.39008200308302926 0.9381853771024447
0 0.4826443745890773 0.5215966287238933 0.5560560659573107 0.5151378645647919 0.5464805432516601 0.9430293578287607 0.4762608551290819 0.9365705936696593
0 0.5790103385663472 0.5189669103368432 0.648618437463359 0.5232112889659988 0.6342552751627117 0.9381853771024447 0.5640355870401335 0.9430293578287607
0 0.6709611208468287 0.5264406710455497 0.7411809307272358 0.5264406710455497 0.7395849291044075 0.8929741511794135 0.655002078681183 0.9446440180708662
0 0.7665602188536578 0.5209846665918876 0.832147422368285 0.524826010803444 0.828955662638287 0.7654140210022077 0.7635234923528763 0.857451133090375
0 0.8528942258867561 0.5345140954467564 0.8449147048039328 0.7573405966010005 0.9693952823991014 0.607175038248299 0.9614157613162789 0.5328994352046511