0 0.7101074875042003 0.04484848638977668 0.717168177735347 0.1568677521626892 0.8238170843529916 0.1520178074395821 0.822097097335113 0.05663599290848129
0 0.7036558746009746 0.04282828436957464 0.7068472057351917 0.15040115919854638 0.8134963748260575 0.1584843695687245 0.8203768478440135 0.04046951049812416
0 0.36453855486406994 0.046936072627266526 0.32841554657335903 0.2684160491041472 0.6879256424625918 0.2845824698445034 0.682765287699125 0.04531942438623081
0 0.3445160896547379 0.28323232477361504 0.30605361555517024 0.4737296048406718 0.684485405953614 0.4931293220630993 0.6879256424625915 0.3039821870669311
0 0.2974528930461147 0.5060624463213843 0.24928879450075958 0.7226924472401574 0.6776048016990474 0.7194592124280869 0.682765287699125 0.5173789531736338
0 0.8412902832031248 0.05292929447058475 0.8444587658800802 0.28619908725053866 0.9597086574800016 0.2910490628086464 0.9683093799890571 0.053402665591409416
0 0.8455913584719422 0.05090909245038275 0.8513395013712577 0.16495096253286728 0.9597086574800016 0.16010101780976024 0.9614286444978801 0.05501928299744465
0 0.25100904399185914 0.7372423739144802 0.2183262722101259 0.9344725959408245 0.6569631201719582 0.9603388444573943 0.6741645651900691 0.7356256331684429
0 0.7036558746009746 0.5155555570968474 0.6896458919536915 0.9377058307528952 0.7928544308257472 0.9360892133468597 0.8100558758438585 0.5222288670617405
0 0.8358580433710251 0.5222288670617405 0.8186565983529139 0.9490223992751458 0.9390667134796914 0.9474057818691104 0.9373467264618135 0.53354537391399
0 0.8434408208375336 0.30545454699583724 0.8375782928621245 0.49474593946913475 0.9562681584978024 0.4979792359512062 0.9528279219888242 0.310448718361073
0 0.7208601756762433 0.3034343449756352 0.8238170843529914 0.30398218706693114 0.8169366113350357 0.49636255687516984 0.6965264962082581 0.497979235951206
0 0.7079569498697916 0.1680808096220999 0.7051272187173133 0.2732659629922539 0.8238170843529917 0.2781158768803606 0.8220970973351127 0.17626743855011653