0 0.7913135269940909 0.05444721688058905 0.780497203668013 0.46445337752056176 0.8906484492377492 0.4694423787146865 0.897709423755247 0.07198427913837846
0 0.6571327360336391 0.050290940903864226 0.6491631422877039 0.4561383543841567 0.7423679843702927 0.45780133363600084 0.7550776523082522 0.06533226697311342
0 0.5277142943932033 0.05701724383670819 0.516416799810359 0.45281233244187596 0.6152704430553299 0.4461602885573151 0.6195069631206764 0.045376198758022596
0 0.3780216561706312 0.04703920972916283 0.3751973094604007 0.44283433005362655 0.49523387625786536 0.4494863104995956 0.4895850750954828 0.06034329749828471
0 0.26222171718043397 0.04870222070030306 0.24386314033817094 0.4245412410903801 0.33989243687291104 0.42786726303266065 0.3511899314557554 0.05036519995214734
0 0.07863637972548763 0.04371325122547435 0.0687509507558383 0.43285626422678525 0.2127948955579485 0.43451930691722157 0.2198558700754463 0.050365199952147305
0 0.05745345617299408 0.49106142618162163 0.054629001720842424 0.9217796500228465 0.204321747685335 0.9284316939074073 0.2057339210404505 0.5010394920084631
0 0.23870053264380842 0.49709060840178604 0.233977819110442 0.9234426292746906 0.3413046102280265 0.9284316939074073 0.335655809065644 0.501039492008463
0 0.37096068165313345 0.4977134700661824 0.3695485082980182 0.9251056085265348 0.46981432489810454 0.9384096962956566 0.46840215154298903 0.49605042737574634
0 0.5070621145647124 0.49916874639014847 0.5051191974855943 0.9417356547993451 0.6053850140856805 0.9417356547993451 0.6025606673754497 0.5093545151448681
0 0.6324152219093451 0.5033250223668734 0.6378655399629394 0.9334206316629399 0.7381313565630256 0.9384096962956566 0.7338947287557586 0.5076914724544319
0 0.7762605758607463 0.5093545151448681 0.7677875357300532 0.9583657010721552 0.8878241025275183 0.9600288072011839 0.890648449237749 0.5193325175331176