0 0.8425025918945022 0.21024199417907843 0.8298062388057184 0.8966162074281131 0.9139193055857666 0.9072576408262195 0.9305831327982236 0.21556271087813159
0 0.5108115479936504 0.18895905972628216 0.5060504458557057 0.87355965563791 0.7948914494336589 0.9054840911453962 0.5092245341279017 0.10382738957168028
0 0.581547600882394 0.19769503715190478 0.8131422905118645 0.8522767888416972 0.8226646158691506 0.23152492863187482
0 0.2513308457983345 0.08431810628458254 0.24895026445901308 0.1747704593099458 0.4679615682114502 0.18718547621716716 0.47192916341652036 0.09673308936351215
0 0.011688089358020869 0.07367657140160086 0.009307538289048537 0.1517139413480344 0.22990585590723445 0.16590257559266264 0.22990585590723445 0.08963875532705214
0 0.010119029453822528 0.18882978892495447 0.009307538289048555 0.25990212946454755 0.23307988363873203 0.2758643472182907 0.23228637670585758 0.20669482716084842
0 0.008134902469695554 0.30629432793204664 0.00692698722007624 0.45676918858218435 0.23228637670585764 0.4638634549620607 0.22752527456791302 0.31488304910565335
0 0.24815675752613867 0.3202037658047066 0.2457762367275155 0.4745049560167507 0.46875507514432463 0.488693556433087 0.4695485820771989 0.33793953323927306
0 0.24424601358080664 0.5190602853788551 0.2418086415224452 0.6660512307787504 0.46478747993925423 0.6891078502255372 0.4639939730063799 0.5401272413993795
0 0.0021825215173146024 0.4946808527547416 0.000578810675684475 0.6536363153564045 0.22593826070216422 0.673145497158627 0.2259382607021642 0.5206179242839898
0 0.002959392015005963 0.6997491483104764 0.0013723478789080343 0.834541021407131 0.02121032390425935 0.8611446725589806 0.2164159958855766 0.8824275393551932 0.21879657722489806 0.6979757339428205
0 0.24027775961255268 0.7007978740313373 0.23784104631737496 0.8788804399935468 0.434633732164441 0.8930691080664668 0.4655809868721286 0.7228057001006797