0 0.8263999633789062 0.04833333492279053 0.8321445761819687 0.40851483976844266 0.9617231591434378 0.4085148397684427 0.9505250672566664 0.055076453612966675
0 0.6723999633789063 0.04416666825612386 0.6673720075835115 0.38184020738854185 0.7809531246280892 0.38350740768570407 0.7905516285882334 0.053409285114398554
0 0.5153972408485004 0.14176892935115906 0.5169969508251747 0.4151834501655267 0.6369770298264998 0.41851778716266275 0.6273786479164033 0.141768929351159
0 0.36639996337890623 0.15041666825612385 0.36502218409016357 0.4251864611569351 0.4834025531148136 0.4235192608597727 0.4770035911580666 0.15010474004540528
0 0.20839996337890626 0.052500001589457196 0.2002494934416585 0.3768387336914318 0.3330274963564769 0.3735043966942955 0.33142778637980225 0.055076453612966675
0 0.06439996337890624 0.05041666825612386 0.06587178055016511 0.3835074076857041 0.1698545156846465 0.3801730706885679 0.16185584375122497 0.0584108224086971
0 0.05639996337890625 0.4108333349227905 0.04827472670664713 0.7652874993238664 0.168254805707972 0.760286089223945 0.1618558437512249 0.4185177871626627
0 0.20664845539840535 0.4135163134655528 0.20664845539840535 0.7652874993238663 0.3282282443764048 0.7652874993238663 0.3186298624663084 0.4185177871626627
0 0.35222426017666986 0.4551953669367838 0.4834025531148135 0.4485266929425114 0.48180272108809113 0.7736233100181127 0.3506245501999949 0.7769577106124373
0 0.5143999633789063 0.4525000015894572 0.5121976988451027 0.7686218999181912 0.6289783578930779 0.7719561733181388 0.6289783578930779 0.46019684063389377
0 0.6643999633789063 0.4108333349227905 0.6625727556034394 0.770289036618165 0.79535063646821 0.7636203626238927 0.7905516285882334 0.4201849238626366
0 0.8305449882553421 0.45019389323967374 0.8337444082086914 0.7869606580066574 0.9505250672566663 0.7836262574123325 0.9569239071633651 0.4535281666396213
0 0.05147426871004436 0.8002978788008251 0.05147426871004441 0.9670140926857488 0.77775370467474 0.9536768718915813 0.7793532926013665 0.8153023634893437