0 0.7311693213549818 0.04902844271756563 0.8814820987777723 0.04726427689748751 0.8797930869252358 0.9223038487814521 0.7514361750502869 0.9258323150188326
0 0.7109022099526505 0.04902844271756563 0.7075244439546037 0.14958744233009924 0.3055642340719585 0.14958744233009924 0.30387522221942187 0.054321041125718283
0 0.05320942079698727 0.05996472831335863 0.05222791861308 0.15664427385694232 0.28023060252607046 0.1495874423300993 0.2836083685241167 0.06490620429271761
0 0.07010131268887916 0.18121693289889657 0.06573911145877884 0.24308964406509595 0.12147315240113742 0.24132547824501782 0.11640637455055451 0.1883996624100216
0 0.15244928566185215 0.1768077618230588 0.1518734329440949 0.304836389948401 0.2008518130368473 0.31189318782593795 0.19747404703880095 0.1866354965899435
0 0.22449656158371167 0.17075773501479166 0.22449656158371178 0.31365735364601605 0.29205291237274605 0.3101289547072476 0.2802306025260705 0.1795786987124067
0 0.3129222586348251 0.16358024859554557 0.3156976609196107 0.2889586956718613 0.36974269000943294 0.2889586956718613 0.36467604101236295 0.16017260549709855
0 0.39845421640688033 0.1707577350147916 0.40183198240492696 0.28543029673309284 0.45756602334728524 0.2889586956718613 0.4643215553433779 0.1707577350147916
0 0.49134419874180246 0.1689935691947135 0.4947219647398488 0.287194462553171 0.5926787249253538 0.28013773197424635 0.5842341810767243 0.17957869871240664
0 0.6169763126888792 0.15917107751970783 0.6112566956216356 0.27837349885555596 0.7058356898090935 0.28013773197424635 0.702457666104021 0.17428620125217215
0 0.5937499613375278 0.32671957840154203 0.7176579996557696 0.31542158676470644 0.7092134558071402 0.6612034713889945 0.5943676079243766 0.6576749378530017
0 0.5958614478240143 0.7014991198477502 0.700768911958511 0.694723025762152 0.7092134558071406 0.9258323150188326 0.6078788007700753 0.9223038487814521
0 0.4543918532294197 0.3245149928636232 0.5538337716802536 0.31542158676470633 0.5538337716802534 0.574757865635698 0.45249924549670206 0.5818147981104593
0 0.4586148262023927 0.6133156983309953 0.5589005495308365 0.6153343524836168 0.5572115376783 0.9170113513212177 0.45587701149474874 0.9187755171412958
0 0.3192567180942846 0.32892416393946095 0.4187210701021853 0.31365735364601605 0.42547673095179145 0.5782862645744666 0.33089786561784607 0.5765220987543883
0 0.3277026640402305 0.6155202838689141 0.43392127480042075 0.6135701193649264 0.41196540925257896 0.9117187192637588 0.3207643099166805 0.897605123508685
0 0.2179053667429332 0.3597883614703251 0.2886751463746999 0.3507054415551664 0.2937417953717693 0.5729938344128445 0.22280767858468886 0.5677011350567733