0 0.8845041133155507 0.13293741608711618 0.8806185045625635 0.6247518722274585 0.9756440492261472 0.6192683012484433 0.9781230016951928 0.142196370981146
0 0.7715457306874023 0.07456551116395271 0.7674141852672466 0.626579705978001 0.8624397299308301 0.6137846605420403 0.8550028725236934 0.08004915187035586
0 0.6623966752990219 0.13978986012548983 0.6575150518741497 0.6156125640199709 0.7417985532283763 0.6229239687495282 0.7442775056974218 0.13122919415942194
0 0.5508264273651374 0.13522156409990738 0.550921167425654 0.6357190141854887 0.637683684291306 0.6265797059780008 0.6376836842913061 0.13488500111528284
0 0.44432728297715796 0.07639334491449508 0.443500986501603 0.6083010895630252 0.5286108473737645 0.6229239687495283 0.5310897368004299 0.08004915187035579
0 0.33698345215852593 0.08725445583129157 0.331949260157396 0.6229239687495283 0.4228432594008238 0.6247518722274585 0.4211906664497135 0.09284412757892824
0 0.2171487414147243 0.22201918858597405 0.21213444297287748 0.5936783498312986 0.30633369116090603 0.5808831649405617 0.3046810351674156 0.23541735653395476
0 0.11225081914218035 0.21892953107495733 0.1907502136463311 0.2134459600959425 0.19653435201759725 0.597296904810431 0.1122508191421807 0.5918132641040279
0 0.011652873647746188 0.22192782266495173 0.09241942003814682 0.22624100553190302 0.09655096545830262 0.5863296931250127 0.008135887162730292 0.5790182883954554
0 0.3288016339783247 0.6627683891336589 0.32461226004242727 0.942762782944426 0.8551026667734813 0.9025497431586138 0.8584079787604619 0.6740670379714183
0 0.010614808110585792 0.6448212795984124 0.0081358871627303 0.9519020911519138 0.2989966910459373 0.9427627829444261 0.2998229875214925 0.6393377783467854