0 0.5843682335459808 0.020796634043748166 0.5825036274542297 0.16974105587044366 0.9852339341136768 0.17312616957312005 0.9777760787445635 0.022489190895086265
0 0.5825036274542296 0.20528468518287146 0.6943731649846024 0.20528468518287146 0.6925087011423239 0.5488723701253723 0.5880971612305372 0.5421021427200197
0 0.7230768803949955 0.20346869873718157 0.8211588400016204 0.20359206376585984 0.8267520892789819 0.5421021427200196 0.7297985469857817 0.5404096181515182
0 0.8466200039381192 0.20769881718049796 0.850990545977019 0.5725680369127594 0.9609957619145862 0.5641052849389053 0.9498086943619704 0.1951293117920059
0 0.4270395843576995 0.30287648215511725 0.5396203900839371 0.30006744918093 0.5340268563076295 0.5878011454233133 0.43334424408039957 0.5894935408604673
0 0.03543119274930788 0.015228428009601188 0.03620747119726007 0.2712940795566917 0.5358913201499077 0.2797568315305457 0.5321623924653512 0.027566893731937634
0 0.23384362571769057 0.3051450874521077 0.22825009194138285 0.9398514854911575 0.39978346817097127 0.9415440100596589 0.3941899343946635 0.31191531485746044
0 0.08671324403135927 0.3113367190417501 0.09960023758103247 0.5742606260469343 0.20401177749281915 0.5708756414756053 0.2021473136505409 0.3068376765862827
0 0.09370625102436626 0.6010998324089244 0.09027777612016807 0.9500067620335128 0.204011777492819 0.9466217128965101 0.20028270755878946 0.6165743859162044
0 0.43707331401442895 0.6148817967820295 0.5396203900839371 0.6098041585108518 0.5377559262416589 0.9550844648703641 0.4221573187772566 0.955084464870364
0 0.5769102359273947 0.6267296624585597 0.588097161230537 0.8162953841516974 0.8994674593730916 0.8366059372364084 0.8808225364513632 0.6199594996188806
0 0.5808857382038535 0.8549069390079092 0.5806391636119513 0.9906279973342814 0.9442151605856627 0.9855504236287779 0.9498086943619704 0.8653792422949731