0 0.8773147912673008 0.2471217120948591 0.9607001215189094 0.2468407492271569 0.9730437196543216 0.5166577419373166 0.9061823930503595 0.686115986261692 0.8742947776136588 0.679535120738254
0 0.7652593206765592 0.2534216147505949 0.8485788827659811 0.2583572795832693 0.8506361229623224 0.6828255848801648 0.7662880192534128 0.6663733269309946
0 0.49678539416254164 0.3093593168819266 0.597591733356911 0.30606885274001594 0.5883339955160106 1 0.5091289922979538 1
0 0.6438802656040478 0.679535120738254 0.7395434258288819 0.668018653142525 0.7344002468593462 0.009928209654953942 0.6377085450150248 0.000056848609413637665
0 0.24202672542367942 0.3190789489369643 0.2447696246553008 0.4212346583842066 0.479298617057594 0.403137199744273 0.4762126782843994 0.32252111068918604
0 0.4053497706911691 0.5740131594632801 0.48341309745027605 0.5693051054475046 0.48547041612529995 0.881897943721353 0.40317955261273153 0.881897943721353
0 0.08641972953890577 0.31702302788433273 0.09253149576557615 0.4162989935515324 0.2283114676485237 0.4113633287188579 0.22316828867898827 0.3208759099984223
0 0.7529157225411475 0.7585060091025774 0.7590876000875363 0.983901892797901 0.9699579378384928 0.9740305631325525 0.9679005406847857 0.7617964104841048
0 0.24202672542367942 0.5740131594632801 0.31060233116109215 0.5709501806175014 0.30854501248606825 0.8210245139969636 0.2601991615639076 0.8160889119246725
0 0.08641972953890577 0.42598684367380646 0.09458881444060016 0.5248838709119017 0.15116378310549092 0.5396909281703081 0.1604215209463915 0.5874024385666713 0.47621267828439956 0.5396909281703082 0.48341309745027594 0.4327512515007024
0 0.18544236328376174 0.6007401331474906 0.18613741579406917 0.7996366539755025 0.2355118868144003 0.8127983850223786 0.22728284755035322 0.6005642951343142
0 0.3291177283642103 0.567659779235974 0.38363545683276007 0.5643693150940632 0.39083587599863656 0.8045722560477935 0.32397454939467474 0.8095079836408512