0 0.7733674482865767 0.06344537975407451 0.8806986900263533 0.06814931932920243 0.873017428854663 0.29678867271873605 0.7667610244734065 0.29174516983089405
0 0.5888135979696203 0.0546999889835601 0.7526789727820891 0.06478696269343487 0.7462779869198759 0.4850799388739148 0.5785720791928548 0.47835522560237964
0 0.4083058161894659 0.041250562440489816 0.5696106403829804 0.05469998898356015 0.559369121606215 0.4766740793503053 0.3955038444650393 0.4632247169388536
0 0.23163866499515656 0.04293174075837359 0.39038303624100995 0.0513376002819832 0.3750207092402158 0.4716305764624633 0.21371588504670083 0.4800364359860728 0.22011687090891413 0.08664218462849606
0 0.04193338938772915 0.031932774712057674 0.20731489918448767 0.041250562440489816 0.19195247451240008 0.4682682198266957 0.030647650318885316 0.4615435065551605
0 0.8982073970701875 0.08445378311541903 0.9229450404428917 0.0849610383764216 0.9587906003398032 0.16061374202309872 0.9319065769240596 0.9675762883554299 0.871737153545186 0.9608515750838944
0 0.7653648874671145 0.5193277326952509 0.8742977041641404 0.5220657336041208 0.8550947465775005 0.9608515750838946 0.750118422163135 0.9541268618123594
0 0.5749039399639135 0.5109243713507131 0.7449977116103988 0.5136598740805113 0.7321957398859723 0.9474022768040615 0.5657701074684286 0.9356339965130657
0 0.3916633115504872 0.5102975174447437 0.559369121606215 0.5119786636968182 0.5440066969341276 0.9389964172804519 0.382701872740613 0.9289092832415304
0 0.2019846057769737 0.4941176486616375 0.37502070924021563 0.5035728041732085 0.3622187375157889 0.9339528502609914 0.20475444623682637 0.9272281369894562
0 0.027528779912697136 0.49831932933390644 0.18811194159784805 0.5119786636968182 0.1765901475116055 0.9255469907373817 0.010164515094061608 0.9137788387096231