0 0.057373119225825386 0.018124508989242442 0.055787133816398785 0.20578350788555852 0.24352270599724068 0.2136660711898102 0.23972998195338405 0.126957904912634
0 0.06337243722648289 0.22627819051836848 0.0500981200894286 0.3271750248684645 0.23593740258715687 0.3224454387745653 0.23404111290404292 0.23258426521744408
0 0.04551916000344506 0.34121355548254423 0.04820183040631472 0.6409010082941715 0.22266308545010238 0.6424775570385332 0.22835209917707264 0.34609312868732045
0 0.24940725862838584 0.3490937761287223 0.24541899568035452 0.6503601203427848 0.42746555413422593 0.6487835715984233 0.4369471472274239 0.3587052780854716
0 0.2681747612329775 0.13641695682206192 0.2586931681397798 0.3287515134736408 0.5127998919730058 0.3350575881727163
0 0.4556661490978026 0.36091410709798943 0.4464287403206213 0.6424775570385332 0.6379568918676913 0.6424775570385332 0.6436459055946613 0.4753671789048856 0.5564152780727678 0.3618582552958239
0 0.04551916000344506 0.6564223813296678 0.2150779267176474 0.6613956608573889 0.20369989926370666 0.9703921784675675 0.0254460648536915 0.967239201257215
0 0.2351825075615295 0.6623325468143013 0.41798396104102825 0.6661252469512884 0.41229494731405797 0.9640861037684919 0.22455951981084518 0.965662592373668
0 0.4461829817198983 0.6662726571373906 0.6284752987744929 0.67400781025554 0.6133048366319542 0.9719686670727437 0.4293618438173398 0.9703921784675675
0 0.6500710803448391 0.6741528777835685 0.6341643125014632 0.9751217645614667 0.8200035949991915 0.9766982531666428 0.8256926087261621 0.755986480647595 0.7612176020792624 0.6818903735597918
0 0.6057195332218697 0.3429401514769681 0.6910538710606501 0.35239920338639596 0.8446557949125574 0.5999117031677369 0.7877662363533706 0.6204064760093249
0 0.846551939918042 0.7985522743792058 0.8313813330978742 0.9782747417718192 0.9736052294958407 0.9814277189821717