0 0.739883072942281 0.5717179918211901 0.7372582056409226 0.9529305892892463 0.8523470378776655 0.7518983714712423
0 0.6499550153883241 0.4116693694549016 0.7255694714643739 0.5378964089587478 0.7264686576304723 0.957794320855825 0.6482441258624794 0.9545517919148289
0 0.564624957285808 0.2720150965987961 0.63475715655028 0.3919859462393655 0.6302615001128804 0.9448244524715029 0.5610284184162335 0.9399608445947559
0 0.4756109461056381 0.10664992407030423 0.5466423315362089 0.24121181379832043 0.5466423315362089 0.9513093866636642 0.46931705453258776 0.9464456550970852
0 0.3014837923667414 0 0.3686143091758691 0 0.3659169564723932 0.9464456550970851 0.29758299234357166 0.9448244524715029
0 0.38241904416530254 0 0.40817609954464174 0 0.45942662408996277 0.07746781297295303 0.4522335463508142 0.9383395182793417 0.38030304335241794 0.9432032498459206
0 0.21155573481278456 0.006482983717462448 0.2831968368652738 0.004512581613261947 0.28049948416179793 0.422789229039841 0.2094680987312271 0.41792555931817826
0 0.21155573481278456 0.45623987188601994 0.2103672162990523 0.5508662154981541 0.2778020628600487 0.5589723523158977 0.2796003665939726 0.45521377631081505
0 0.20818343265451117 0.579821719535939 0.2049724422938273 0.9480669814124991 0.2840960230313724 0.9480669814124991 0.28229771929744857 0.5849119653947101
0 0.12499997941710111 0.05307941807726796 0.19418289428337718 0.020724855248748793 0.19238459054945337 0.361182601593974 0.12405062642063171 0.3595613989683917
0 0.037734036542210955 0.09205888398285766 0.10426976553538202 0.05639186961580324 0.10157234423363289 0.39360714886494785 0.03593573280828711 0.3903646817688673
0 0.03507192186314428 0.3995137778827785 0.03503661524046181 0.5557298852198171 0.09797580536405841 0.5589723523158977 0.0988749229318837 0.40819821987485255
0 0.1081384686257342 0.4055915736688401 0.10516888310320732 0.5541086825942347 0.18698981654422822 0.5589723523158976 0.1905863554138027 0.3952284133354461
0 0.11865585241540663 0.5930181022124538 0.11955496998323192 0.9480669814124991 0.19418289428337718 0.9496881840380814 0.1923845905494533 0.5800482956730475
0 0.03323838010481122 0.578427093047465 0.023347915363049785 0.9464456550970851 0.10157234423363287 0.9480669814124991 0.10426976553538202 0.5832908864589597