0 0.6077805830507863 0.15173527191876404 0.6684988115864294 0.1437603421092716 0.9541655885134477 0.8445336047721719 0.9133560767517457 0.8800566228612103
0 0.5894302487639985 0.6911385411492397 0.5894302487639985 0.8090105866831332 0.8406641035207283 0.7944783981228247 0.7922027231683499 0.6943679232287903
0 0.591836705499766 0.831719129868724 0.5881548724671853 0.9624056503060656 0.8993277158672061 0.9543322259048586 0.853417088108454 0.8348455201288595
0 0.3176020116222148 0.837772398633857 0.3165163591271553 0.9704790747072725 0.5703007718824099 0.9640203105481707 0.5677501165863339 0.8380748406130701
0 0.3279940647156188 0.5442021800900688 0.32161757242175604 0.8090105866831333 0.563924279588547 0.812239907167344 0.5626489032917336 0.6313953114519198 0.4440462050044137 0.676606352588931 0.40068603794663576 0.5910281894458851 0.35605059188959537 0.5942574483347559
0 0.20173949783762277 0.07594359561773503 0.08951319454661506 0.3326784854165825 0 0.6152484626495061 0.00024230243253417098 0.9672496310323815 0.0601813883733762 0.964020310548171 0.12139565601592962 0.6572301217069664 0.17623352866217107 0.5167525864022372 0.31779163812641803 0.13084287538640837
0 0.14052513289751842 0.6701476500251693 0.10991795042746608 0.8041664827661371 0.3024880955401671 0.8073958032503479 0.3050386535386919 0.6782210744263764
0 0.10873721570384744 0.8297013736136793 0.08058614425422728 0.9640203105481708 0.3024880955401672 0.965634970790276 0.29611160324630437 0.8445336047721717
0 0.5519770116222149 0.24656981590585045 0.6111102836441124 0.2503295811624075 0.7883767888730117 0.6717624334579547 0.7220613079358577 0.6685329281877241
0 0.33195150141813323 0.11138014681787625 0.32416813042028064 0.5361287556888619 0.35350003389107043 0.5926427264973105 0.40196131694589826 0.578110599532342 0.43894499170981344 0.6733769705093802 0.5626489032917334 0.6378539524203417 0.7042070127559806 0.6701476500251695 0.5345923761177571 0.2535589016466182 0.48995693006071667 0.2341827323599935 0.4759286664737284 0.13730167034317994
0 0.3000637463160924 0.5149313978267545 0.17750880766143354 0.5215966287238933 0.14562634619211895 0.6443126549841032 0.30631393253795436 0.6459273768215487