0 0.05055758678337012 0.09484978704493445 0.05936656215897489 0.252931210958268 0.35522824186175467 0.24262774583117444 0.35225480324340014 0.11383413695725318
0 0.38698881354916936 0.1012875552852778 0.37455593316929703 0.23575872540788959 0.6585236315398336 0.23575872540788953 0.6540633601828892 0.10181331846258786
0 0.6750929027685002 0.09484978704493445 0.6674440608243096 0.22888970498460476 0.9469516012673145 0.21858623985751113 0.9469516012673145 0.08120635545448388
0 0.05055758678337012 0.2987124479891405 0.19466017445294526 0.30273144525749884 0.19466017445294526 0.745781559355695 0.05639312354062026 0.7492160695673377
0 0.22713751243392774 0.2965665252423593 0.37455593316929703 0.2992969350458564 0.37306921386011965 0.7629540449060735 0.23777560156614916 0.764671267257978
0 0.41301111838188315 0.2965665252423593 0.5514782532672937 0.2924279146225716 0.5514782532672938 0.7389125389324103 0.4161846409733235 0.7423471801597199
0 0.5858735719134817 0.28369098876167265 0.7298871792450559 0.282124449495478 0.7224534692697567 0.7389125389324103 0.5975672324282649 0.737195316580506
0 0.7624534975640392 0.27939914326811044 0.7655691232417856 0.7474987817075995 0.964792459836267 0.7320435840169591 0.9677658984546212 0.2786899392838356
0 0.04312264254545191 0.8115879844698272 0.050446132874498645 0.9793273366377082 0.47119416284818305 0.9673066491587102 0.46376045287288403 0.8179059462610175
0 0.5022304492369017 0.7858369115084538 0.502415722058556 0.9707410938625188 0.8250388030441771 0.9552858306640449 0.8176050930688782 0.7869955508797369
0 0.8609665087164556 0.7922746797487971 0.9558721439812031 0.7887127732316412 0.9603321884793224 0.9655894268068058 0.860720520182082 0.9552858306640448