0 0.9301970496044331 0.03439326612136242 0.9244129112331673 0.9592628962661611 0.9748176897082118 0.9592628962661611 0.9764704087440823 0.049431854410066825
0 0.8318663190386291 0.04755195916467539 0.8318663190386291 0.9517436021218088 0.9103656820215895 0.9573831085847245 0.9120182749726998 0.049431854410066825
0 0.7357437827370383 0.052149402778810076 0.7368407743750454 0.9555033209032885 0.8145137778400705 0.9498638144403726 0.8145137778400705 0.04943185441006697
0 0.6451204156136824 0.05319142977293943 0.6451204156136825 0.9404647326145837 0.7178356402253766 0.9423445202960201 0.7211408261275972 0.04379234794715081
0 0.5492685744745436 0.0494318544100669 0.5418317801097872 0.9461042390775 0.623636328994968 0.9442244513960635 0.6277678744151239 0.04567217148323905
0 0.44958675794364994 0.04745125854578214 0.4484588283973138 0.9423445202960202 0.5236529424356736 0.9611426839475973 0.5211740530090081 0.04191252441106287
0 0.35247931992712095 0.04040404219624023 0.3493017383135743 0.932945438470232 0.42697480482097966 0.932945438470232 0.4302800537655803 0.0531914297729395
0 0.1262396505056334 0.5454545472467454 0.1261982856251607 0.9442244513960635 0.22287648628223464 0.9461042390775001 0.22535537570890013 0.5438235082500301
0 0.23940266796285792 0.5287849916706293 0.23609741901825723 0.9592628962661611 0.280718122164416 0.9461042390775 0.2749339207507698 0.5344244264242416
0 0.2856759640601269 0.5475831553222062 0.2898075094802828 0.6472134083337038 0.3360808055775517 0.6284152446821267 0.33360185310850626 0.5494629430036426
0 0.2914601024313931 0.6678913596667171 0.2939390549004386 0.9404647326145837 0.32864401121279535 0.9442244513960635 0.3311229636818408 0.6603721372316685
0 0.12417353480315406 0.3880667154403088 0.12619828562516067 0.5081069686283125 0.22700803170239045 0.5081069686283123 0.2261816721844552 0.3934381990374139
0 0.1295035345697613 0.27312992298359967 0.12950353456976127 0.31072625028675366 0.22783432817794563 0.316365685040366 0.22618167218445523 0.28440886420012795
0 0.1293388240593524 0.21658445093478845 0.12950353456976127 0.2543317593320226 0.2303132176046111 0.2618510534763748 0.22866062465350084 0.22613451385465705
0 0.1293388240593524 0.12966878262377132 0.12950353456976127 0.1941776213051154 0.22783432817794563 0.19793726837729148 0.22618167218445523 0.13214369559677194
0 0.1324379976130714 0.03805497007972622 0.1344613764654723 0.09830701536579405 0.2294869211290559 0.09642726353900945 0.22783432817794558 0.04943185441006688
0 0.23987601414199702 0.03335682584669828 0.2427078538650785 0.11146570840910687 0.33690710205310703 0.10582634536479803 0.33442821262644146 0.04943185441006692
0 0.024562274593565726 0.5344244264242417 0.0171254802288093 0.9385849449331476 0.11462994584024835 0.9367051572517113 0.11380364936469324 0.5569822371479947
0 0.024999981084145792 0.02865868161367034 0.022909650121265442 0.5099868280190523 0.11628260183373872 0.5156262627726645 0.1171088983092939 0.04379234794715089
0 0.2378098984395177 0.22832981151735837 0.23857630844492267 0.3182455444311058 0.28154441863997115 0.3126061096774934 0.2790654661709256 0.22989416092683318
0 0.23987601414199702 0.1320178547402853 0.23857630844492267 0.21485564434743226 0.2873285570112373 0.21109599727525605 0.28484966758457186 0.13214369559677183
0 0.2935950224064598 0.23537702786690026 0.296417944327104 0.2994473807795288 0.336907102053107 0.3069666032145776 0.3377333985286621 0.23365380799900912
0 0.29393905490043865 0.13778316620503608 0.29228639890694824 0.21109599727525605 0.33442821262644157 0.2092162095938198 0.33442821262644157 0.124624509016375
0 0.24188155738952336 0.4347941734127439 0.23775001196936751 0.517506050454101 0.33442821262644146 0.5231454852077134 0.33029666720628564 0.44419325523853265
0 0.23775001196936751 0.32764462625689456 0.2369237154938124 0.4028372808632023 0.2848496675845718 0.4065969279353785 0.28237071511552625 0.33140427332907046
0 0.2946280802576995 0.32933991252745937 0.2931127584248835 0.4141161503704272 0.3402123509977077 0.4141161503704271 0.3352545091019966 0.3464427899084712