0 0.1922027111982974 0.1380835399580822 0.17851328286436852 0.35204449732988174 0.44981329036250006 0.42282724935765853 0.4490337046038866 0.23407331895430922
0 0.18148146363494458 0.39361179548633773 0.17227653731688028 0.5978177856123247 0.4490337046038866 0.6627019187180785 0.44357648533643096 0.4778804509321146
0 0.16978555720219604 0.6491400510145933 0.15512535323448068 0.8435910738947676 0.4451357163322387 0.9084752820045766 0.4451357163322387 0.7138228076832598
0 0.4661848292077054 0.23800570656763936 0.46696441496631885 0.4483876563382215 0.6057328212284191 0.46608328809212435 0.5651937075161316 0.22817477503634165
0 0.46608185349849235 0.47223587411041634 0.46462565769047853 0.6823637817806739 0.6104104547372614 0.6784314691713993 0.6072919927456459 0.4837789948500823
0 0.4646256576904785 0.7177551952965899 0.46306642669467085 0.9222385261451492 0.6072919927456459 0.928137145067172 0.6088511642628728 0.7393833646719333
0 0.588888871042352 0.24373464560918784 0.6197656027977841 0.4306919495802635 0.8801511717610044 0.4405228811115613 0.8793716454809718 0.22030999980968138
0 0.6244431173494648 0.47984660723675215 0.625222762586659 0.6705668439528494 0.8840491600326523 0.6744990815580688 0.8817103432782312 0.4739480633187846
0 0.6249512492099933 0.7253071271816695 0.62756157934108 0.9183062135358745 0.8692368521832547 0.9163400572312369 0.8848288052698466 0.8239292108321722 0.8824899885154255 0.7138228076832598
0 0.0654970581768549 0.06683046870501094 0.04676129712624116 0.2360395502630019 0.17227653731688028 0.3009236833687558 0.17773369710575512 0.14166258506132728
0 0.0401559275725664 0.2633906652652075 0.024152953254966737 0.40906393021303067 0.16214174401916318 0.47984660723675215 0.16526014653219775 0.3441797971072768
0 0.022612067923443592 0.42800982988437214 0.006222213153244129 0.5604602907958266 0.1512273649628327 0.6430400556554831 0.16058257250193636 0.5014747016080402
0 0.9056530035959582 0.20933661121115343 0.9316046645296222 0.20851291197374622 0.9316046645296223 0.42086101804896586 0.9043187466280865 0.44248911242025396
0 0.9076023213347496 0.46977887165341387 0.9277066762579742 0.46608328809212435 0.928486202538007 0.6843300130893666 0.9058779181453133 0.6843300130893666