0 0.057454847315890664 0.023688664896234037 0.15461558092958227 0.027566893731937596 0.128029272971854 0.35930671299790795 0.029280294710261057 0.34068868448169876
0 0.03846149498920495 0.36632825880486347 0.12613028202138565 0.3863874934879714 0.07485680194012015 0.8467612137787635 0 0.8264506606940528
0 0.1452991018268118 0.39170896946476197 0.29704207547056594 0.40500558656985436 0.24576859538930093 0.8772271725371767 0.09954397406365731 0.8586091440209677
0 0.1714149612760046 0.019458546452917613 0.3331234830643597 0.024181715463587692 0.30463818415616306 0.3813098552167938 0.1394235084421107 0.3626918267005843
0 0.3559116642374281 0.017411520341071858 0.48504507724140883 0.029259386017602116 0.4432666967962095 0.40500558656985436 0.3255273743787626 0.3863874934879714
0 0.5109211341155107 0.023688664896234037 0.6616539884257175 0.03264449972027846 0.6065823815597928 0.443934232736448 0.46035776023414976 0.4151608631122097
0 0.6842354740965173 0.023688664896234037 0.6312695536833302 0.4490118710076257 0.764201093471971 0.46593737495533366 0.8097774558181079 0.020796634043748166
0 0.8266856165466597 0.019458546452917613 0.7793933108431647 0.46762996408950874 0.8648492075677551 0.47609271606336273 0.9237186514508947 0.5150213622299563 0.9749921315321599 0.014026438921232261
0 0.31386510372614707 0.41285956168134397 0.4394685700115499 0.4202385013833873 0.3805989812446877 0.9009229038902373 0.27425389429749764 0.8873824490795322
0 0.46343775329879666 0.4297800354546097 0.6103803634607302 0.45747462298147956 0.5610058743299337 0.9398514854911575 0.41288226205382167 0.9093856558640915
0 0.6391262623206391 0.46573604222279924 0.7547059938359048 0.4828628789030419 0.6958362601853204 0.961854692275717 0.5761980917011276 0.9415440100596589
0 0.7815764047707815 0.4826565159960648 0.9218198053841482 0.5268692279064867 0.8629500717335638 0.9906279973342814 0.7224227130267711 0.9669322659812207