0 0.04507268470457501 0.052213452379583046 0.026976264593815177 0.49197504668791875 0.11343743276550607 0.4919750466879187 0.13354470258305692 0.060238300220012544
0 0.15887375990309993 0.048535902051623475 0.12952330998206438 0.4919750466879188 0.2923921648229659 0.4919750466879187 0.30646719233273345 0.05381836684541174
0 0.3348415829297464 0.06458082784384166 0.3185316769482993 0.5016049008312724 0.4472180810555883 0.50481479098766 0.46732535087313887 0.06184321468584127
0 0.5057817538699174 0.05856398067175984 0.4693362005799296 0.5080247423687777 0.6241621168125515 0.5064197972905841 0.6462800829305986 0.06344819037640033
0 0.6683980490486453 0.06344819037640023 0.6563337178393736 0.5080247423687778 0.811159634071996 0.5048147909876601 0.8272455112885542 0.06826314806044222
0 0.8634386583226632 0.07468295898558253 0.8292563609953448 0.5320992858900665 0.974028642319192 0.5176545965121313 0.9881036698289595 0.0794978860572593
0 0.03904059580308655 0.5240744380496369 0.010890387377256795 0.9461814834360148 0.0953408592484517 0.9429714708301667 0.10740534386401773 0.5288893345089485
0 0.1415876411913361 0.5353092372711843 0.12148037137378538 0.9493913735924027 0.2662526526976325 0.9526013861982509 0.28837077222197366 0.5417291400334199
0 0.3222724527135573 0.5379061387142788 0.29842440713074914 0.9429714708301669 0.42510011493754135 0.9429714708301667 0.44922893076237885 0.5320992858900666
0 0.4680743632213503 0.5298836758181698 0.4452073847550921 0.9574162214328324 0.6060655432954972 0.9526013861982509 0.6241621168125513 0.5449390301898077
0 0.6523123252383813 0.5417291400334199 0.634215751721327 0.9606262340386803 0.7910523642544454 0.9654410692732618 0.799095456269019 0.5369141823493783
0 0.8292563609953448 0.5401241337304958 0.8151813334855771 0.9686510818791099 0.9458785872996561 0.9718609720354976 0.9700072497181988 0.5272843894307547