0 0.9069044759764748 0.03251344258527441 0.950485123358634 0.04755195916467535 0.9488710481122663 0.6735307944203296 0.9077114520266346 0.6678913596667171
0 0.8144485739980356 0.03805497007972622 0.896412802156015 0.05507125330902748 0.891570453270865 0.6584922778409286 0.8100584834418568 0.6566124901594921
0 0.7246493610023743 0.03805497007972622 0.8019879840639721 0.03815287733888681 0.7939174846860874 0.65097305540588 0.7204758910889164 0.652852986505923
0 0.6318232082428142 0.03805497007972622 0.705948967579514 0.04191252441106295 0.7043348923331466 0.64909319601514 0.6276651482432409 0.65097305540588
0 0.5410150153258532 0.03335682584669828 0.6147524231262538 0.036273089657450436 0.6155593991764137 0.6359344671171754 0.5388896550865078 0.6509730554058801
0 0.43809906335329746 0.02630960949715633 0.5106429072639108 0.032513442585274444 0.5122570440833021 0.6490931960151399 0.4355872999933963 0.6472134083337038
0 0.3484258820830308 0.0231143607594859 0.42509562617293656 0.023114360759485864 0.42106037648399425 0.6359344671171756 0.3460047076404558 0.6378143265079154
0 0.2548081016141715 0.04003277258427829 0.3322848833272611 0.04003277258427829 0.32986370888468614 0.6453335489429641 0.24996581430204542 0.647213408333704
0 0.5379880755619545 0.6981442348201536 0.5356614430207491 0.9442244513960636 0.9472569728658987 0.9423445202960202 0.9464498736696911 0.7111271217234836
0 0.02744423538437406 0.6957951627036397 0.02722001300051722 0.9235463566444433 0.513064081706486 0.9367051572517116 0.5138711193296697 0.703607899288435
0 0.14347692633382417 0.19779187400267667 0.23786006523521824 0.18665839887006674 0.23543889079264327 0.6415739735800914 0.13697882301165792 0.6378143265079153
0 0.032489134990871894 0.19309372976964873 0.12890832363377305 0.192297833623679 0.12568011156801442 0.6415739735800913 0.025605906967637843 0.645333548942964
0 0.03047117514827275 0.03805497007972622 0.030448194279763995 0.173499669972102 0.23624592841582692 0.1697400228999259 0.23543889079264327 0.01559510246978541