0 0.5744345935982823 0.049785409362531015 0.5804192505424971 0.19797924409549034 0.7306401175271074 0.20656548687067952 0.7204156357931274 0.01938546643017189
0 0.5813175827821565 0.23433476558570698 0.5906436722715374 0.38344207493801047 0.7377186602705768 0.3954628279248421 0.7314266622796751 0.25121398860636357
0 0.5921337086425301 0.438197426529913 0.596149245519751 0.558601440653437 0.6826638878674779 0.5397117327511541 0.6747989203813208 0.4486975724357153
0 0.24700096527969825 0.06480686858999883 0.250090616123904 0.16878603831219713 0.567835314565634 0.18424126875675437 0.5591838623318492 0.05544762712891624
0 0.2485176466286486 0.20999999708232195 0.24694461712845328 0.36626958938763204 0.5764867667994186 0.38172485258610606 0.565475800317811 0.23060699284434277
0 0.23913469192669923 0.6077253235256211 0.23593365064684552 0.7578022468346931 0.5639028308225554 0.7766920857526431 0.5874977332810265 0.7080022090589632 0.5843517342855756 0.637594913489878
0 0.24208454443407387 0.7879828342552349 0.2886289688070612 0.7972990160068304 0.48997212445169186 0.9535686083121405 0.4679501914884764 1 0.42862535405769153 0.9999343979075627 0.239866134389924 0.8402302298827764
0 0.7400780545085199 0.01938546643017189 0.9304103636814226 0.0004956602661385988 0.911534369708718 0.203131009412954 0.747156597251989 0.20313100941295398
0 0.7463700524994215 0.24262774583117444 0.7550215647381461 0.3765731200225592 0.8014248249025203 0.33535912849851757 0.9020964327273057 0.33535912849851757 0.9060289164703842 0.2615174537334572
0 0.25087710087153176 0.4280905766736945 0.2485176466286486 0.5637531732169838 0.5851382190332034 0.5877948102063143 0.5827787647903202 0.44354577436433484
0 0.05329398396209747 0.41673819906210186 0.04796094572917565 0.48819427610001903 0.239866134389924 0.5070839840023017 0.24615813238082554 0.4280905766736945
0 0.02751204226615549 0.6942641027045598 0.1863843914870205 0.7097193003952003 0.19503584372080515 0.735478028720768 0.22256322992235458 0.7440642714959571 0.22256322992235458 0.8625545135045353 0.05267991421988183 0.7457815593556951
0 0.06312682565334624 0.028326181894719856 0.05267991421988184 0.1516135527618187 0.23672019539941314 0.16878603831219713 0.23750668014704082 0.08120635545448388
0 0.058185397460685725 0.18767574621447994 0.04874743047680336 0.36111785682408526 0.23278771165633463 0.36626958938763204 0.23278771165633463 0.20313100941295398