0 0.8845553643617913 0.046004844924150884 0.8836141226893407 0.9120471487346615 0.9530253272402706 0.9120471487346615 0.9569248357881555 0.05464957895879334
0 0.8126430195164115 0.05464957895879334 0.8758151055935708 0.0546495789587934 0.8773748852120135 0.9047811776451875 0.8056239517316413 0.9096251583715037
0 0.7539001381527429 0.055084748071850646 0.800164544561757 0.05464957895879347 0.7970449853248717 0.7013307533845579 0.7502508827502521 0.7061748265038843
0 0.6992979540653794 0.046004844924150884 0.7463513742023671 0.04980541344645726 0.7432318149654817 0.6940646899020738 0.6964377123908623 0.6989089478074199
0 0.6417706529733357 0.046004844924150884 0.6870787966730929 0.04980541344645733 0.6862989663656499 0.6989089478074197 0.6387249144800307 0.6940646899020738
0 0.5852183908828521 0.052058113689284057 0.6348254059321455 0.05707152312544656 0.6324856770027033 0.9144691390978197 0.5849116846188623 0.909625158371504
0 0.5091653487611673 0.052058113689284057 0.5778926168340921 0.04738342308329915 0.5747729980954285 0.8950930314065351 0.5053617340427202 0.9096251583715037
0 0.42823711163168204 0.046004844924150884 0.49522298801750797 0.0546495789587934 0.4889838100419591 0.8975150217696931 0.42347205453713604 0.8975150217696931
0 0.3434087184959566 0.033898307393884546 0.4195725459892509 0.03527328648148876 0.41567303744136597 0.8079001772237139 0.3525010108659852 0.8127440655570201 0.34470199377021526 0.7812577288709152
0 0.29478827245693207 0.042539442356983086 0.3384627562928881 0.04496138652363624 0.3376828664836667 0.7449273190654835 0.29088876390904705 0.6020278549929364
0 0.1240249431449426 0.03995157615901772 0.16610449037672795 0.180594879506709 0.2838696366224985 0.1757508987803928 0.2854294757427195 0.0376952768446469
0 0.07407609459682059 0.338026655330245 0.0717363656673783 0.6092937336894008 0.27295100078806483 0.6117158164455686 0.19574077914136515 0.34771480156889695
0 0.16887673721670546 0.20338983281761336 0.2838696366224984 0.2072372354664979 0.2823098570040558 0.31865045524595 0.2043196860463564 0.32591651872843447
0 0.21211870314212636 0.342870728449571 0.2838696366224984 0.34044873808641296 0.28230985700405586 0.5778073970032953
0 0.016770652973335742 0.03995157615901772 0.06159764939305518 0.042539442356983016 0.05535844166661707 0.895093031406535 0.016363356187767387 0.8878268755310409
0 0.06939666648882516 0.03527328648148876 0.07251628522748878 0.30896240140030784 0.1824824143774892 0.31622846488279194 0.1013726246811262 0.042539442356983086
0 0.07039779805913916 0.7663438279749983 0.06939666648882513 0.8999370121328513 0.2830897468132771 0.9072031680083456 0.28075001788383475 0.7739915729954207
0 0.07095647585815698 0.6795325629371054 0.07251628522748879 0.7473494942146616 0.2846495264317197 0.7400832459461576 0.2823098570040558 0.6867988112056094
0 0.2897815734101532 0.666464893350301 0.28854903497960466 0.9096251583715039 0.3641995365096401 0.9168913142469979
0 0.6388455359686556 0.7451573872970323 0.6379450841725877 1 0.7970449853248717 1 0.7978249346358713 0.7473494942146617