0 0.9049602992950924 0.06495098272959399 0.9766072613933183 0.0663537415845539 0.9710526523224993 0.9465173667085922 0.8988423711576615 0.9514207099438092
0 0.8226646158691506 0.07616056834290395 0.8909071807475211 0.07616056834290395 0.890113734355345 0.9465173667085921 0.8202840345298295 0.9514207099438092
0 0.6529761723109654 0.0006127474354763354 0.6544384823090542 0.23797332676227792 0.8123488441196887 0.26003874542186406 0.8139358579854373 0.002609297511320108
0 0.7621031564379496 0.3039215709648881 0.8115552766461158 0.296814380837656 0.8115552766461158 0.9514207099438092 0.7647377016588454 0.9465173667085922
0 0.7091913687878618 0.3017178175981505 0.7552154973829562 0.30171781759815036 0.7512479021778858 0.9416138364228204 0.7091913687878618 0.9416138364228204
0 0.6536450359168782 0.29191094407716167 0.7004626109041485 0.2894592724595531 0.6980820295648271 0.9391621648052118 0.6687218492635864 0.944065508040429 0.6504708871039839 0.8827727823474422
0 0.5954364897712828 0.07107843370998614 0.6457098455067376 0.07861228672315118 0.6393616689623458 0.8312869301754445 0.5893699451621812 0.6915394968903793
0 0.518746738403791 0.07861228672315118 0.5893699451621813 0.07125713158240964 0.5838153360913623 0.6645709220461307 0.5147791431987208 0.4414652508832155
0 0.5163662176051677 0.5297267384710056 0.5163662176051677 0.9465173667085923 0.6425356966938434 0.9391621648052115
0 0.4307539500887432 0.23345588469037828 0.43145964389224506 0.9489690383262009 0.5020828506506355 0.9489690383262009 0.5020828506506354 0.4610789043999161
0 0.3533729977077908 0.07107843370998614 0.38543557583784904 0.06880541320216241 0.4227309465492302 0.19874601972887737 0.4227309465492302 0.9440655080404289 0.3513142328579655 0.9416138364228206
0 0.29583331516810824 0.07107843370998614 0.3433790424478251 0.06635374158455376 0.3409985216492018 0.6694741717560705 0.29100679784903716 0.681732716894668
0 0.24180864152244524 0.07616056834290402 0.28624569571109254 0.07370894348793411 0.2814845935731479 0.671925843373679 0.23784104631737504 0.6792809517517819
0 0.18472220405699716 0.05269608076880967 0.22831878150078735 0.05654686806356505 0.22673176763503858 0.681732716894668 0.1815011459728186 0.6915394968903794
0 0.1271825215173146 0.058823531749201824 0.16959836035760786 0.06145039834933662 0.16880485342473345 0.6841843885122765 0.12357429230321179 0.681732716894668
0 0.06865077548556858 0.061887257239397905 0.11563910189307126 0.05899858644381235 0.11484559496019686 0.6841843885122764 0.07199552436694918 0.6890880123233254
0 0.014384381906078358 0.05899858644381228 0.059614973297949174 0.05899858644381235 0.05723442222897683 0.9244519480490062 0.014384381906078353 0.9244519480490062
0 0.4309819087088051 0.05654686806356519 0.43098190870880515 0.15706694755259104 0.5039856362658186 0.3973344135640432 0.5047791431986929 0.07370894348793411
0 0.06757934691411231 0.7144607866511625 0.07231126584603434 0.9269036196666146 0.3436948141972593 0.9244519480490059 0.3389337120593146 0.7037980420289764