0 0.9074648808760059 0.033705889404769034 0.9084656240733452 0.9620363407662231 0.9725191445987793 0.9603328782943448 0.9735198877961185 0.05414620448587111
0 0.8098097868987152 0.04299702163248078 0.8123855723581057 0.9586295457784071 0.8914514625658284 0.962036340766223 0.8924523584784426 0.04903617444907328
0 0.7384884655773938 0.04512558697943694 0.7373229603702901 0.9586295457784071 0.7963721540479285 0.9671463383140353 0.7993746890704961 0.052442839480948314
0 0.6512511042048178 0.05414620448587095 0.6442452909623435 0.7559298574392657 0.7253128202800194 0.7593366524270813 0.727314612105248 0.047332744466180195
0 0.5531692606643502 0.03540925440969169 0.5551709761319413 0.3556406732427066 0.6332360467846869 0.34371715069723285 0.6312344076747337 0.047332744466180195
0 0.5533032803922087 0.3793103464515527 0.55016680199942 0.5566369640879401 0.6312344076747336 0.5583402966038775 0.6332360467846869 0.38459771588146635
0 0.5533032803922087 0.5836526197593432 0.5491659060868058 0.7542265249233282 0.6282318726521662 0.7610399849430188 0.6282318726521661 0.5958143267121768 0.5561717956869178 0.5872975341765486
0 0.5533032803922087 0.7858663277201777 0.5531692606643502 0.9654430057980979 0.7253128202800196 0.9535195482305944 0.717306263840206 0.7985138201174067
0 0.44908242343638505 0.043926046945319965 0.45208495845895247 0.9501127532427789 0.528148390001745 0.950112753242779 0.5341533836892428 0.045629411950242595
0 0.3581080851970135 0.021711368162919256 0.351000656253555 0.9450027556949663 0.44207661019391065 0.9398926281912132 0.4400749710839573 0.04903617444907328
0 0.2630129901019183 0.055768413714217674 0.26192634142315263 0.9535195482305946 0.3449956625660571 0.9586295457784071 0.3379897729659452 0.04903617444907328
0 0.14789787498680323 0.03661132559161236 0.14683033637516846 0.9535195482305946 0.24391128400302184 0.9415959607071505 0.24591299947061276 0.047332744466180084
0 0.1353853624742907 0.05576841371421772 0.13181781397760525 0.9450027556949664 0.032735150882160946 0.9484094207268413 0.03874014456965872 0.049036174449073176