0 0.9337533234912686 0.0463692055182403 0.9305317466025336 0.9334185320248646 0.9771066087291501 0.9351688067754931 0.9816877961862633 0.04951626229524865
0 0.8740309394840255 0.04251506313968106 0.867159274802792 0.945670588816669 0.918315324386522 0.9281675742355747 0.9297681765248692 0.05301684518085702
0 0.8039327812995924 0.05293088530826655 0.8037868030030503 0.9281675742355747 0.8549428525867803 0.9229167499836886 0.8572334463153373 0.06351872737508556
0 0.7404143312033088 0.06701927687634292 0.7373602839015241 0.945670588816669 0.7900433571361466 0.9351688067754931 0.7915704972914754 0.05476722008453839
0 0.6760213647283819 0.0463692055182403 0.6686431710714414 0.9316682572742357 0.7228533844613926 0.9264172994849458 0.7266710018408417 0.047765954160269
0 0.6144329576814903 0.0442653378903097 0.6121424804573701 0.9334185320248646 0.6579538890107587 0.926417299484946 0.6579538890107587 0.060018077720775546
0 0.5519281993981033 0.0507436587115911 0.5457159031036257 0.926417299484946 0.5961084408619093 0.9229167499836887 0.5968720109395739 0.05126657043022808
0 0.477762302098989 0.0442653378903097 0.4762352201958783 0.9246670247343172 0.5235737106523776 0.9281675742355749 0.5312089454112756 0.051266570430228225
0 0.4105722129197983 0.047765954160269 0.4082816774434599 0.917665792194399 0.46096475067808207 0.9054137354025945 0.4647823680575313 0.04601571279399129
0 0.34719979937227513 0.047765954160269 0.3449092056437184 0.9316682572742357 0.3922476378479993 0.9369190815261219 0.3991193607814512 0.0495162622952488
0 0.28465061253288765 0.044181978921564856 0.2777191164645278 0.9281675742355749 0.33040224795136824 0.9194160669450274 0.33040224795136824 0.058267769585795666
0 0.2181643202964536 0.05476722008453839 0.21205610918844778 0.9194160669450276 0.26244864694673153 0.9141652426931415 0.2708474517832941 0.05301684518085702
0 0.15784595405071494 0.03201324771415424 0.1463931019123678 0.912414834405109 0.19754915149609775 0.8966622281120471 0.20289385077865735 0.04601571279399122
0 0.08683827661818443 0.06351872737508556 0.08531122384118302 0.9176657921943989 0.13417673794857446 0.9124148344051091 0.13570376159946682 0.04601571279399129
0 0.02310040252906941 0.044181978921564856 0.02422934576999822 0.9089142849038518 0.07004075432338681 0.903663327114562 0.0723313189258344 0.046015712793991366