0 0.7023236996088272 0.016455698616897003 0.7248224174695618 0.0140965805995928 0.952348815846168 0.7966076102877379 0.9795878340288748 0.8371260392192328 0.9835935791878399 0.9510839575709529 0.9459395991426955 0.8852416433868445
0 0.9154959114854321 0.0343557950653404 0.9843947771178895 0.0343557950653404 0.979587834028875 0.8118020573632951 0.9563545610051333 0.79154289119921 0.9130924399409247 0.5965482115878239
0 0.8345352380703657 0.04177215431309954 0.8297729895327058 0.3205167707167725 0.9002741287796207 0.5484326074202126 0.902677600324128 0.036888202911266474
0 0.7473958149934427 0.02911392646499827 0.8225626971448248 0.2850632540804542 0.8233637728292331 0.03182348382273846
0 0.7734374816601093 0.5670886100093021 0.8073407921933725 0.566159414040034 0.8105454616679292 0.9232276161707512 0.7744937552372426 0.9181627038755745
0 0.6599294192417106 0.16857287958114586 0.6623328907862182 0.355970383956415 0.721617870240646 0.3635675591925315
0 0.7153445329421606 0.39303797709790966 0.7632775954447556 0.3964887162845857 0.765681066989263 0.9206952566264873 0.7152086535371738 0.9156303443313103
0 0.6622595970447247 0.396202534059935 0.7087994368337013 0.3990211724321743 0.706396087534835 0.9232276161707511 0.6551224761526961 0.933357247554456
0 0.603047789086149 0.031823483822738426 0.601445515471691 0.358502743500679 0.6503156553093226 0.36356755919253164 0.652719004608189 0.0444854747507073
0 0.6011618406344683 0.396202534059935 0.6503156553093224 0.3888915410484693 0.649514457379273 0.9156303443313104 0.6038489870161984 0.9181627038755743
0 0.8169545561257607 0.5155114503281581 0.8177557540558104 0.928292335259279 0.9395303824392232 0.9282923352592792
0 0.5229328859068456 0.04195297030145681 0.5213306122923876 0.9206952566264871 0.5926328272237114 0.9206952566264873 0.5942352230838102 0.031823483822738495
0 0.4412157091130844 0 0.4348064924096119 0.9004359938590778 0.505307631656527 0.9105656252427822 0.5101145136227212 0
0 0.3587740201216478 0.022784812540947635 0.42919847363618896 0.02169380413737156 0.42439159166999485 0.9206952566264873 0.3554927260375375 0.9156303443313103
0 0.07231568678831443 0.016455698616897003 0.07428942810274676 0.22935047467672615 0.3514869808785723 0.2394800094571065 0.34988470726411447 0.02422621198329765
0 0.30068107140369904 0.27594936950297294 0.29941229381202517 0.5433677917283601 0.3466800989123782 0.5459002478759485 0.34828243364965655 0.27493362269674926
0 0.24459132781395546 0.26329114165487166 0.2922020014241442 0.26733644746063273 0.2905996666868659 0.5408354321840961 0.2433318615865128 0.538303072639832
0 0.18649837909600672 0.26329114165487166 0.2353203712685825 0.27493362269674915 0.23211582403966666 0.5357706164922437 0.18324568420203527 0.5383030726398321
0 0.1351767422944532 0.2648039913130444 0.1760353918141542 0.26986880700489685 0.17443305707687587 0.5357706164922437 0.1271652519765229 0.5180438098724222
0 0.0703124816601093 0.2474683568447451 0.11995495958864193 0.2521420003850756 0.11755148804413466 0.5332382569479798 0.06547680097758746 0.5256410817118631
0 0.018208995877234388 0.019161492894769653 0.06547680097758746 0.021693804137371524 0.05906761483552522 0.540835432184096 0.015004418086908387 0.5383030726398321
0 0.015805554894137337 0.5585622388039173 0.01340211391104028 0.9130979847870463 0.34587896210514935 0.9130979847870463 0.3466800989123782 0.5585622388039173