0 0.9108754900572604 0.05965169560881249 0.9084662270150553 0.6634117024550619 0.9823495175546835 0.6608533388277024 0.9855617865841505 0.06476827647614028
0 0.8325301020978445 0.045396421876404976 0.8289612818635462 0.6582952679751244 0.9012384378884407 0.665969968490827 0.9012384378884407 0.05965169560881264
0 0.7732931543066799 0.051790283768988095 0.82655214136155 0.0494184362825634 0.8161120832054679 0.6582952679751244 0.7719427100791437 0.6531784431288125
0 0.7157271442820036 0.046860170246797936 0.7606995233955902 0.04686017024679797 0.7615026519230618 0.6634117024550616 0.7133178812397987 0.6659699684908269
0 0.6578313069171217 0.058184145661571214 0.7060902146533927 0.046860170246797936 0.7036809516111878 0.6608533388277023 0.6595115784848633 0.6582952679751243
0 0.6024928841602522 0.046860170246797936 0.6498746488562527 0.057093380777250236 0.6466622572865766 0.665969968490827 0.6000836211180474 0.6608533388277023
0 0.5221849330214806 0.044301855415235535 0.5928559545316412 0.05453516353728149 0.5896436242320695 0.6557368067561715 0.5205787985067468 0.668528332118186
0 0.43393572458780433 0.045396421876404976 0.5045172082789926 0.046860170246797936 0.5021079452367877 0.6608533388277024 0.4322400522540981 0.6608533388277024
0 0.3546184555114991 0.029411767144947174 0.42260306135538295 0.041743638175267 0.42260306135538295 0.6557368067561716 0.3527351683726935 0.6582952679751243
0 0.01124496153559553 0.039002559983821856 0.010623278140495261 0.6582952679751244 0.34631050777354994 0.6608533388277024 0.3487197708157549 0.04174363817526707
0 0.009820210883128377 0.6915530192148563 0.010623278140495261 0.9345920010931336 0.3439013060014494 0.937150267128899 0.34390130600144936 0.6966698440611679
0 0.3536144394472421 0.7039641968124662 0.3535382356300602 0.937150267128899 0.5053202755363594 0.9269172029858374 0.5053202755363594 0.7094613694231823
0 0.5213818657641138 0.7043445445768707 0.518972602721909 0.9345920010931336 0.9855617865841507 0.9397087283478519 0.9847587805968882 0.7196944335662445