0 0.738240046319397 0.07983193455401368 0.7340446710851151 0.9279981837647123 0.8159451529865525 0.9223942204097564 0.8224323406961499 0.0930161235013548
0 0.6480898360645952 0.08180837493482723 0.639980882360802 0.9167903995695079 0.7283684282390226 0.9223942204097564 0.7324229050909192 0.09114821884994902
0 0.5212895191498916 0.08216620159416307 0.511859327227899 0.924262303204547 0.6367372266395962 0.929866124044795 0.6359264055089053 0.09675203969019708
0 0.38949714283196796 0.08683473567446187 0.3813051849701093 0.9205262801296735 0.4948305368232146 0.9242623032045472 0.5037503735241058 0.08741219577507542
0 0.2912958112312858 0.07433643567111116 0.2929175772254817 0.9018465922994299 0.384548778824908 0.9055826153743036 0.3707635822750224 0.08554425549499264
0 0.20904296602742614 0.08916900271461127 0.19804284363766353 0.9093184959344691 0.26453623926220526 0.9018465922994299 0.2799432636726939 0.0948840994101145
0 0.11374694007446587 0.07983193455401368 0.10397899304694347 0.9018465922994299 0.1818249362300771 0.9018465922994299 0.1883121239396745 0.0930161235013548
0 0.016423339101229843 0.4463118598574684 0.016402268299413665 0.9186583398495909 0.09343732848544942 0.9223942204097564 0.0958700393431502 0.4367224080807776
0 0.02250606416205711 0 0.09749180533734603 0.003353636167656407 0.09424821148254733 0.40496692451789296 0.021267659081611726 0.4049669245178928
0 0.8362175372460356 0.3209083292817969 0.9043326988647732 0.3209083292817969 0.9075763545859787 0.7524090896574814 0.8451373120805198 0.7505411493773987
0 0.8418937800921281 0.7860325847578034 0.8386502481037363 0.9205262801296735 0.9805569379201179 0.9223942204097564 0.9773132821989123 0.7860325847578032