0 0.549043908722949 0.041366043200912604 0.5478989241236792 0.24258855837669374 0.9596135356941264 0.24836226538634443 0.9612669826984415 0.04820666078788755
0 0.9045994642785047 0.2866762885111579 0.9025687940707775 0.9200385850368604 0.958786749117009 0.9238876740988489 0.963747216279874 0.2945520682968866
0 0.8372565651260128 0.2926274503492244 0.8372565651260128 0.9200385850368603 0.8868607321549843 0.9200385850368604 0.8918211993178495 0.29262745034922444
0 0.7733333144077035 0.28908129091616036 0.7711176757540508 0.9277369099941731 0.82485552336877 0.9277369099941731 0.8256823099458874 0.2964766128278809
0 0.7016718923734587 0.28685374333957364 0.7024985528006562 0.9238876740988492 0.7587166339968079 0.9277369099941731 0.7628503145825555 0.3022503198375317
0 0.6348320224180394 0.2818662837011531 0.6355330030014968 0.910415715548553 0.6900975110434134 0.9161894959748716 0.6967114252105936 0.29070290581823005
0 0.5470722006215216 0.2849291988085793 0.5445919670400889 0.9123402600795472 0.6247854082485691 0.9200385850368603 0.6313993224157493 0.2849291988085795
0 0.4503441001450114 0.27530632932027194 0.44455690947998866 0.918114040505866 0.530537478278531 0.9238876740988489 0.5288840312742161 0.28492919880857936
0 0.44951731356789376 0.042432880361568864 0.445383632982146 0.24836226538634443 0.5346711588642787 0.24066401384569935 0.5346711588642789 0.04243288036156893
0 0.3536950715136466 0.04377104560591496 0.351962489589226 0.23296568888838642 0.44042322889424096 0.23104114435739206 0.43711627181065077 0.05205574984987616
0 0.3511357660870685 0.2830045808609172 0.3494822560077933 0.9123402600795474 0.4329825912249034 0.9161894959748716 0.4387697818899261 0.28492919880857936
0 0.2742492819621786 0.03665913664358423 0.2742492819621786 0.9161894959748718 0.3379079377527079 0.916189495974872 0.34286840491557313 0.048206660787887615
0 0.19901630791656397 0.03473459211258986 0.19322911725154124 0.9104157155485532 0.26515519728852593 0.9142648046105417 0.270115601376431 0.05013116861054787
0 0.12212982379167411 0.02896092181127302 0.11551597269945403 0.9142648046105416 0.186615266159321 0.9161894959748716 0.19240239374938367 0.03665913664358411
0 0.05912142810279394 0.036556038390907784 0.01796108564582604 0.910415715548553 0.10642182495084111 0.9219631295678546 0.10890205853227375 0.03665913664358423