0 0.9139851296302115 0.03930530338880131 0.9131945133562791 0.9505455375360617 0.9899144735365916 0.9542028758175399 0.9932142053366634 0.04351179651711417
0 0.8376649976170102 0.027879343608179737 0.9057700538677679 0.028882164354176607 0.8999953344025934 0.9487167288768106 0.8389494149643704 0.9523742066768008
0 0.4825729049201979 0.014252567070867096 0.4817479719701798 0.3489041122518243 0.8232755000989804 0.3543902591925541 0.8224505042106126 0.027053460333809412
0 0.47844817723175853 0.39462153836286396 0.47844817723175853 0.9322585670916459 0.5807414364927251 0.9414020523138541 0.581566369442743 0.39462153836286407
0 0.5994224233595845 0.3889396726758214 0.5955904813464468 0.945059390595332 0.6987086735574313 0.9487167288768104 0.7036583971342384 0.39462153836286396
0 0.7190593870559542 0.3889396726758214 0.7135577184111529 0.945059390595332 0.8158509147337697 0.9505455375360617 0.8183257765221732 0.40010768530359336
0 0.40007835115141027 0.19895101041502009 0.3967786193513385 0.6853845358512892 0.4644241282664044 0.6835557271920379 0.46854885595484375 0.19895101041502014
0 0.3158003111483634 0.19698354836137902 0.31263413674416524 0.6872130654735161 0.3852293692360383 0.6926992124142458 0.38687923513607403 0.19895101041502003
0 0.31758379738262266 0.023396052293075047 0.3142840655825508 0.1770065970502418 0.3827545074476347 0.18066407485023234 0.3827545074476347 0.02705346033380949
0 0.4017282799897958 0.02522482607269837 0.39842848525137436 0.17152058962802447 0.4718486506932653 0.17700659705024185 0.46937378890486164 0.03071086837454375
0 0.23426431066381706 0.02888216435417666 0.23261444476378113 0.6762410506290815 0.30025995367884706 0.6817269882920425 0.301084886628865 0.023396052293074995
0 0.15181516263351189 0.02330895969593111 0.15011989099499348 0.16054833062619328 0.2194153287484451 0.16420573866692773 0.2185903328600773 0.01973867913196871
0 0.1487211032275713 0.19469835640525468 0.14764502920659003 0.6817269882920426 0.21694046696004154 0.6762410506290814 0.22106519464848098 0.2007796795557591
0 0.02495872698994753 0.027879343608179737 0.024728162972601313 0.9340872362323853 0.1270213907643931 0.9414020523138539 0.12949625255279665 0.0233960522930751
0 0.14356433755100365 0.7157221224015984 0.14517023035653623 0.9468880597360713 0.46607399416644035 0.9468880597360713 0.4652490612164224 0.7164722600401351