0 0.9123644501039024 0.05360134216342669 0.9137877529132896 0.46481338469048716 0.9798267476983382 0.46928150796973167 0.977439772675921 0.06715198945144896
0 0.9133591780458103 0.4919039663956992 0.907422648062301 0.956305070515388 0.9774397726759212 0.9540710514869475 0.9750529190600966 0.5005582004797168
0 0.8248283912160083 0.07035176092389575 0.8254706483365948 0.45364311910355765 0.9018529992077965 0.45587713813199837 0.9026486980174665 0.06715198945144893
0 0.8248283912160083 0.4891122299356211 0.8214923971014303 0.9607731085722694 0.8962834717598849 0.9674753361023175 0.9026486980174665 0.5027923047305204
0 0.740336096185394 0.067151989451449 0.7387446985660538 0.4603452614112427 0.8135358946311011 0.4603452614112427 0.8135358946311012 0.06938596586870807
0 0.7333134205604827 0.4835287570154647 0.7331751711181421 0.9563050705153878 0.8111489196086841 0.9607731085722693 0.8103532207990142 0.5005582004797168
0 0.6742971014003455 0.067151989451449 0.6727058251875982 0.9652413170738771 0.721240417412649 0.9607731085722694 0.7268099448605607 0.0738540465367708
0 0.5820016241818932 0.06715198945144893 0.5835929610979366 0.9540710514869474 0.660771071482105 0.9563050705153878 0.6623623476948521 0.0716200275083301
0 0.4886103468511421 0.06756002446381758 0.4857279564315726 0.9719433741591987 0.5652929811348616 0.9585390895438288 0.5668842573476087 0.06715198945144907
0 0.39979770547070176 0.06715198945144893 0.39502381612916365 0.947368823956899 0.4785670920676171 0.9652413170738773 0.47458884083245284 0.05821570028177824
0 0.3264696923201563 0.0647682880037394 0.3218240176834563 0.9361985583699697 0.384680399339714 0.9429007859000177 0.38468039933971393 0.08279029309525976
0 0.25186509667706475 0.061976551543661225 0.24862415853445255 0.9496028429853399 0.3114805401907102 0.9540710514869475 0.30988926397796307 0.07385404653677094
0 0.17462872198237164 0.060449761921400676 0.17224174695995437 0.9496028429853398 0.235098128616212 0.9406667668715772 0.23828074174500288 0.05821570028177838
0 0.09768226568134201 0.045226132783192236 0.1626939682768783 0.06491784258946352 0.16030699325446107 0.9294965012846477 0.1054071140685323 0.9272623118114804
0 0.08773498626226316 0.04243439632311406 0.08631155670238005 0.9294965012846477 0.01629431068216712 0.9361985583699698 0.04175512465754925 0.05374757700253409