0 0.9144740979945704 0.07938128795732705 0.9104294621059065 0.9513908317942088 0.981614955000397 0.9531245550812285 0.9856595908890609 0.08111491204595941
0 0.8345469070483952 0.08275563423513746 0.8327724036705638 0.9427227444171763 0.8950597716694888 0.9548581461037317 0.9031490434468165 0.08458219328935336
0 0.7154779628993118 0.06551232831439763 0.711433327010648 0.9548581461037317 0.8141670538962115 0.9583253281487383 0.8174028366666376 0.08458219328935336
0 0.5978964216115019 0.07192374515368166 0.5949478627901255 0.9340546570401438 0.7033440552333201 0.9496572407717055 0.7009172490136234 0.07764766386869475
0 0.4881694382996521 0.08111491204595946 0.48088908135680786 0.937521971349667 0.5852406996275847 0.9357883803271638 0.5892853355162485 0.07418041569143008
0 0.1610032177280068 0.06759098952109933 0.1621717609868466 0.2874153519399762 0.47279980957948015 0.2874153519399763 0.4752265540829309 0.07938128795732716
0 0.15898056400632396 0.31672443839458286 0.15650929542921554 0.9409891533946732 0.22526810553650115 0.9409891533946732 0.229312741425165 0.3168868622483381
0 0.24190936659532072 0.32322357184345635 0.23740201320249277 0.9323210660176406 0.3045429319245653 0.9340546570401439 0.3085875678132291 0.3186205194030997
0 0.31978153488011035 0.31672443839458286 0.3182947309757699 0.9409891533946732 0.3886713707520227 0.9427227444171761 0.38786245591753915 0.32728860678013216
0 0.3999963635835307 0.3359566941571646 0.4024231080869815 0.9323210660176406 0.4679462588563328 0.9409891533946732 0.4671372823056032 0.32555494962537046
0 0.03274341254960312 0.07418041569143008 0.028698776660939253 0.937521971349667 0.14033075187456015 0.9392555623721701 0.1419485815435273 0.06897957649166239