0 0.8755226119115253 0.05233643745058807 0.8734429057536018 0.9316101239536677 0.9618317661723274 0.933256678719074 0.9701507494754305 0.05233643745058807
0 0.7633905118167617 0.07242798510892892 0.7559376831097194 0.9316101239536677 0.8505658206736249 0.9316101239536678 0.8578448715620617 0.06056933690169555
0 0.6554861956441148 0.039506174409340414 0.7434592874907692 0.03587060714235438 0.7413795813328456 0.9283168887987792 0.6488311499268636 0.925023779267967
0 0.5007800073965849 0.04567901391551325 0.6425920314530932 0.04739674174835037 0.6321933419920666 0.9283168887987792 0.48765146328095166 0.9233772245025605
0 0.18096721488488446 0.68353909622004 0.2204051758668503 0.7504863360293061 0.480372412392515 0.3602468894844105 0.47621292074096333 0.23839995248320647
0 0.47607901935706337 0.40164609210481367 0.4803724123925148 0.52819798803737 0.27863782098145823 0.829522095385491 0.2786378209814583 0.9365497882498866 0.22456466751840187 0.9349032334844803 0.22976401224891507 0.7834179338337357
0 0.148654202718626 0.742253373766161 0.14865420271862592 0.9332566787190739 0.2048071416753105 0.9349032334844803 0.2048071416753105 0.773538479617222 0.2204051758668502 0.7504863360293061 0.1840097627532572 0.6895628675287043
0 0.32751162971400133 0.4047044962707597 0.26511949294784193 0.32896184644538723 0.19128881364169398 0.42940319462408166 0.25576073590148163 0.5199650885862627
0 0.16796669486408367 0.42016461062333216 0.10186010014400641 0.5150253614780059 0.18504961583221902 0.6451051979303171 0.24432211402578868 0.5479569592824352
0 0.4782926268988868 0.5726556576357572 0.48245211855043824 0.692855977059517 0.34830900863605463 0.8657469283448092 0.3503887941296826 0.926670334033373 0.29943519990351153 0.9332566787190739 0.294235855172998 0.8476345746771882
0 0.47517306766200146 0.7406069446248309 0.3805450094338006 0.8739798277959164 0.37326587920965926 0.9250237792679668 0.4647743782009751 0.925023779267967
0 0.09042155760401804 0.174183343045773 0.1257771176386492 0.1725367568743478 0.19128881364169395 0.296030248640958 0.07794308264936341 0.5150253614780058 0.16633194306808932 0.6681572787061947 0.14241500490915085 0.6945025946369611 0.045707161187321876 0.5216117061637069 0.1559332536070627 0.29932342098380854
0 0.1029640947600795 0.11975308798958732 0.023869929186306968 0.24992602427716434 0.0446673081083601 0.029284293862672343 0.1101790834471094 0.039163842297243 0.245362046440455 0.24992602427716445 0.25056139117096826 0.3174357746514294 0.2266443736763253 0.3174357746514294 0.21520583113633698 0.35860027190696603 0.19336859913532203 0.34378109058219586 0.20168750310272068 0.26968499552222963
0 0.08216326272679816 0.22057613325707703 0.05402614449042495 0.25815892372827176 0.090421557604018 0.35530709956411566 0.12681697071761105 0.3059097028574716
0 0.2547208034868153 0.025991152925840803 0.2963155613309217 0.030930880034097608 0.3691063875581077 0.17418334304577296 0.29631556133092163 0.2663918231793791 0.3025548384761012 0.3009699757492147 0.26823913152043166 0.29603024864095795 0.2703188376783552 0.24004650724861276 0.32439207047711616 0.1527777856292826
0 0.2204051758668503 0.14783805852102574 0.25680058898044333 0.08032833955277972 0.29215614901507464 0.15442443461274583 0.25784044205940515 0.21864098123814127