0 0.38749782640089786 0.4412924700971319 0.4573697018384215 0.5434645280820648 0.5871319012783102 0.4445883551025384 0.5089419393875607 0.3473600931938262 0.3908250102126172 0.4396445590263176
0 0.5536605276402936 0.28665568526140744 0.638704011903523 0.3984461536181816 0.7584844060603997 0.30616168778569036 0.665321863169059 0.1990458651564255
0 0.5515806607517745 0.5852553557721158 0.6470220983567481 0.7066102386437945 0.836674621799002 0.5582959791745049 0.7252120602474976 0.44623626617335277
0 0.039933406176067325 0.8529654051955096 0.08305581144327351 0.9521526971580184 0.1828728488819795 0.9373212460655788 0.1695639867111746 0.8384450730860523
0 0.23128115991982773 0.7376441531362015 0.25939934579079577 0.9191939728315097 0.3675344696827271 0.9060105585374395 0.3309348131341791 0.6950746725567608
0 0.14392675060202406 0.06836902957771718 0.1496005030690776 0.12653664649259497 0.2560720350551494 0.10181763467960231 0.24609035669606416 0.0556754646271344
0 0.13560728304794753 0.16103789283966116 0.07473772499004792 0.5121537148263703 0.3009897780569231 0.5187454848371831 0.3226167266809534 0.18091856049046776
0 0.3276076293224594 0.4660115133420137 0.41744298840208033 0.5896067295664217 0.4557061099325615 0.5500562980928778 0.35755266439971517 0.4429404440317241 0.33093481313417894 0.4660115133420137
0 0.8552412264755681 0.02924217620045197 0.7584844060603994 0.3012178917094695 0.9098736810482453 0.4890826455160808 0.966436567391037 0.4445883551025384 0.9697640050506099 0.11994490791367099
0 0.49542425476175783 0.7932454710933678 0.5122691231992804 0.8796434784941881 0.7019215197176073 0.8466847541676794 0.6836217549052963 0.7692318022914058
0 0.8053244211511089 0.6346787495118194 0.8250290976862036 0.77087971336222 0.9431460268611468 0.7445127590465241 0.9231826701429765 0.6093821024626379