0 0.38109187003167705 0.23585202408571823 0.38779082303282747 0.34607762004269266 0.5641993112490077 0.3382043631886231 0.5664322955827247 0.24844922303859313
0 0.5887624796514618 0.23742665142925906 0.579830542316594 0.34292830528742824 0.9505115637844748 0.34292830528742824 0.9549775324519082 0.24215065359624707
0 0.5812394798700535 0.10665092633400128 0.5820635266503114 0.21538153824468254 0.7540058758332734 0.21853091306812963 0.7607049992002083 0.07838688700432628
0 0.7766610320755252 0.08303817544852311 0.7763360599020109 0.21538153824468254 0.9505115637844747 0.21538153824468248 0.9527447184839757 0.07051363015025672
0 0.7766610320755252 0.3722943737956305 0.7651709678676425 0.5995964667164606 0.9594435011193423 0.602745781471725 0.9527447184839759 0.3696973906049014
0 0.5842965109840282 0.36654807584963695 0.7629381538997093 0.36654807584963695 0.7383748151314717 0.5885739551753093 0.5708984346159431 0.5822754458011462
0 0.3941931370448162 0.36245572759334793 0.5597333425815744 0.3712720179484424 0.5396361428465541 0.5791260109095162 0.3788588856979601 0.5807006983212398
0 0.20156332129942253 0.374262103036087 0.356528701629223 0.36969739060490153 0.34536360959485435 0.5791260109095162 0.18235319774675957 0.575976696154252
0 0.5700725340297408 0.6182605288526947 0.7428407837989053 0.6216417300714943 0.7316756917645366 0.8389434870938128 0.5396361428465541 0.838943487093813
0 0.7766610320755252 0.6202282580931512 0.9438124404175399 0.6295149869255637 0.930414534415238 0.8389434870938128 0.7607049992002087 0.8357942324067313
0 0.9237154110483032 0.8704365145100913 0.6512870631902398 0.8594140029689403 0.43245119117030184 0.8798843987077019 0.5217719274452504 0.9822367378106067 0.9304145344152382 0.9775128557799841
0 0.07963438510372538 0.3571001916520267 0.16225599801173887 0.3633987610943727 0.1577900293443054 0.5586555551025718 0.07963438510372518 0.45315390124440263 0.061770169702422134 0.3870185316565814
0 0.28531541510176756 0.27194018253234836 0.2895381494230117 0.33348042108981785 0.36769379366359173 0.33348042108981785 0.36322765463037343 0.25947179464792713
0 0.26298152342114217 0.28177882873463095 0.27390691835542497 0.327181791579289 0.10866352217361333 0.32560716423574826