0 0.3972662735658137 0.03766973447862342 0.40455711606117006 0.18102643915891414 0.9124093561241173 0.17226343185878676 0.9176995368781654 0.03030270691107893
0 0.16473805501723332 0.03906571421120632 0.07480578940773273 0.10215937345776746 0.0748057894077327 0.1757686147219056 0.3798698301004226 0.17226343185878676 0.3675262543874912 0.033807923202417864
0 0.084215127181334 0.21725799553863218 0.07127909192829093 0.6209294123109534 0.38692335959419105 0.619176770737064 0.38339652757986414 0.23185187481400904
0 0.4060846157174893 0.21944809628326645 0.5526806972907701 0.21607843493120377 0.5614975755242595 0.6016507561368093 0.41690069177410105 0.6086613224323671
0 0.5914749077041698 0.2038102781961773 0.7343083081797221 0.20381027819617736 0.7431251864132116 0.6121664050108262 0.584421378210401 0.6139189797282756
0 0.7808641571636974 0.21068769330472942 0.7801561826217753 0.6051559724281482 0.9212262343576071 0.5998983151322397 0.9018289946160218 0.2125732854963048
0 0.5103596548630435 0.6402080016286577 0.5156497010822064 0.780416118430696 0.9229894485624427 0.7821686931481456 0.9194627510830011 0.6437133516328767
0 0.29346439650524847 0.6577340162289126 0.29522774524496953 0.7944369835960521 0.4715653099147588 0.7874265510133742 0.4856723689022961 0.662991807237701
0 0.08538615091582816 0.6577340162289126 0.07127909192829088 0.9469132571331168 0.185898508963654 0.9539236897157948 0.16826475249667502 0.6542287999375739
0 0.5229276492271894 0.8239159018023202 0.5085963061233228 0.9574288391506937 0.9194627510830012 0.9574288391506935 0.9159360536035589 0.8207260054964345
0 0.29144616774570786 0.8326763047808572 0.2917010477655278 0.9556762644332443 0.47509214192908567 0.9679445548811503 0.4803821881482481 0.8382520200966888