0 0.605176645120638 0.04250559497466296 0.6034133141402387 0.33524214813167574 0.7915496519127699 0.3307665280012915 0.7890850833630698 0.04209022470646729
0 0.8022299086131169 0.039852329275921396 0.8022299086131169 0.3285287606187764 0.956682514157834 0.3173397529754931 0.9533963391852073 0.04432794940630563
0 0.6020952975446314 0.38087248535497614 0.6025917077173122 0.5702113086406286 0.956682514157834 0.570211308640629 0.9542178202485939 0.39342495373060843
0 0.597986834109956 0.6325503377039694 0.5976624452583719 0.9193083983302853 0.9591472080670741 0.9193083983302853 0.9550394266715203 0.6306319669874302
0 0.5196145360630868 0.07341935220577174 0.5270085551110368 0.9282596385910534 0.5861606448148683 0.9193083983302853 0.5861606448148683 0.055516957049588964
0 0.4489607085955215 0.05104133691920495 0.5122205796949063 0.05104133691920502 0.5138636671812198 0.9014059178087488 0.45060385876160486 0.9081193906870021
0 0.388455198941509 0.05089485671962941 0.4267787141314411 0.048803526854012846 0.42595717038828423 0.8835036080179197 0.3865224439190633 0.8879791427829503
0 0.3360722901493972 0.048098436137973925 0.371734405823163 0.048803526854012846 0.37173440582316297 0.8969303830437182 0.33312128577686867 0.8924546775479808
0 0.2806080337812789 0.05089485671962941 0.27643388998227736 0.9215461657128005 0.31669016019465496 0.9170706309477701 0.3175117039378117 0.057754767114781
0 0.2241166615544917 0.03970917439300748 0.2624674583093036 0.039852329275921396 0.2583596769137501 0.9170706309477702 0.22221118809692597 0.9125949254520325
0 0.15895137967731104 0.05327923234975072 0.1597729234204677 0.9014059178087487 0.20578006251471218 0.9014059178087486 0.20742315000102568 0.03537675182821396
0 0.11130109041698323 0.055516957049589026 0.11623041555569334 0.926021700477831 0.15648668576807098 0.9148326928345477 0.15155736062936084 0.057754767114781135
0 0.09367294750354677 0.05928411846459585 0.0989777462303229 0.9058816233044867 0.0036771990495522706 0.9148326928345475 0.05461369462239185 0.06446823999303403