0 0.9205569018114794 0.05862832069396973 0.9203847072689851 0.950078750715188 0.9686978088631869 0.958930972831479 0.9703355135895125 0.06043380486983694
0 0.859131840386418 0.06415929414529715 0.8573321381889919 0.9478657373966388 0.9072829445095195 0.9456527240780892 0.904007410108007 0.05822083376181087
0 0.8032870075782201 0.06043380486983688 0.802468217689488 0.9522917640337372 0.8491434896085029 0.9567179595129295 0.8524188990611541 0.06707292924653159
0 0.7485667298213075 0.06415929414529715 0.7435099728997395 0.961143986150028 0.7926418643826737 0.9589309728314789 0.7926418643826736 0.06264686039890965
0 0.6911025470152934 0.058220833761811 0.6853705179987232 0.950078750715188 0.7320457899177382 0.9545047773522869 0.7353213243192505 0.06264686039890965
0 0.6103603416149193 0.06692478087096088 0.6026651173562401 0.9522917640337372 0.6747252498543153 0.9522917640337374 0.6788195741445596 0.07371209583374956
0 0.5240541034784317 0.06043380486983688 0.5150466025347799 0.9368005019617985 0.5862878826696926 0.9390135152803479 0.590382206959937 0.07149904030467691
0 0.4393939206484983 0.05309734724264229 0.43152241200356456 0.9500787507151879 0.5044013968648027 0.9434395419174466 0.5068579539542909 0.06928606919665102
0 0.30016378141835903 0.17754424989750955 0.2964097104254961 0.7243480998023345 0.42251491105991273 0.7132828643674944 0.42251491105991273 0.19542964340646704
0 0.299140030394608 0.05309734724264229 0.29968518235257774 0.1578079104648482 0.4257903205125638 0.16223393710194695 0.42742808771331997 0.05600769381169159
0 0.2964097104254961 0.7420522907717761 0.2955908580623333 0.9545047773522869 0.4159639672057493 0.9456527240780892 0.41760167193207465 0.7354133352371747
0 0.23090052178158418 0.051581624964069504 0.22598734512817684 0.9345874886432495 0.28576444228108816 0.9412265285988973 0.28494558991792535 0.06928606919665109
0 0.16707614833072598 0.06415929414529715 0.15884038928350872 0.9390135152803479 0.21452322462060613 0.9323743064826068 0.22189302083793241 0.06043380486983688
0 0.09336607462065229 0.05033186051697858 0.0892368763493523 0.9257352665269586 0.14410085932328692 0.927948279845508 0.1490140359766942 0.06264686039890978
0 0.052387957737151776 0.18436440797162695 0.08596140442227054 0.06485987371745892 0.08022937540570053 0.9235222532084091 0.04911251704728543 0.9257352665269586