0 0.11933642408876734 0.3368107318776655 0.15875898643466618 0.5209772898720962 0.3765985290631339 0.4698656552128905 0.4657147055929615 0.27223402719401585
0 0.10448126191991368 0.23461784279953055 0.12509293573695085 0.32675311716219635 0.47957731259570835 0.25690051079953224 0.5033415659012209 0.17852936365213842
0 0.5607720209938865 0.10015824900064645 0.4023432627186373 0.45623589896879624 0.5152236925539773 0.45453220381021114 0.6696917923081203 0.08312103744757784
0 0.7234463522888168 0.047264212822949694 0.5191845021645214 0.4426061427247022 0.6201828053471051 0.440902447566117 0.7865328806645665 0.10867685477718073 0.7508866517957355 0.025194459674520497
0 0.7853428613257073 0.1451990648561624 0.6558291853053733 0.43068008163919347 0.7924740195356635 0.43068008163919336 0.8598064231099695 0.28927123874708444
0 0.8815901960654913 0.2994935396822039 0.8142580946700607 0.4374949922571425 0.9390208022475944 0.4340875369481679
0 0.5469094139911396 0.6623861977560095 0.5310666288172773 0.7594983166068615 0.7310830570113296 0.7356461944358438 0.7251419181402327 0.6402377707435765
0 0.6083006786943488 0.5533480178196485 0.5587916917333333 0.6283117746498722 0.7291025766613386 0.6197931688733378 0.7152399696585918 0.5431257168845289
0 0.6442188207215973 0.4517777320905674 0.614241666476008 0.5397182615755544 0.7330632351824452 0.5243847451810708 0.7251419181402327 0.4511247485012365
0 0.25798460433140163 0.5156482877644019 0.2756002258805505 0.5959411766859286 0.5607720209938865 0.5380145014251649 0.6083006786943489 0.46305080958674544
0 0.27531562686173094 0.6093251027526922 0.293423491404403 0.6896458402278063 0.5191845021645214 0.6419415308939662 0.5548308821227893 0.5601629284375976
0 0.29144316214385024 0.7083866169558513 0.30332528879660636 0.7918690445544135 0.5053218951617741 0.7390536497448181 0.5231451606856273 0.6640900228982031
0 0.31124675692825626 0.8054987358067033 0.31322708618880923 0.8940923138728256 0.46571470559296163 0.8855737080962912 0.47363617372461136 0.8037950406481184
0 0.5350272873383832 0.7816466136356855 0.5211648314250742 0.9128332205844792 0.6439470586526176 0.9026109196493598 0.6221631346076582 0.77653552815993