0 0.6720248907814772 0.1623944134992357 0.6651310748940615 0.2625536449196774 0.8340320624668217 0.26082678774232 0.8150739372853193 0.13821811657702734
0 0.4507648818992741 0.20112214234557507 0.4548664030501518 0.2590999305649625 0.6530666341088657 0.2573730075122264 0.6496197261651581 0.17448261136687393
0 0.06938155933948094 0.3759171358716864 0.07225383568977499 0.5181324596913007 0.6392788708429251 0.5233130970987516 0.6427257787866327 0.37998177749058687
0 0.26545999071203014 0.300388434965342 0.2687306127766344 0.352351601525217 0.6496197261651581 0.34199032671031515 0.635831831408108 0.2953644582924984
0 0.07584568345066395 0.27880880613495784 0.07742419760533659 0.34199032671031515 0.2446018626973519 0.347170964117766 0.2463253166692059 0.2901838208850473
0 0.6619262695312502 0.37807509875472484 0.6582371275155365 0.5025904815935689 0.9512287734284177 0.5198593168686582 0.9512287734284177 0.38516241489803793
0 0.08230980756184678 0.5507121293977979 0.07397728966162885 0.94467270416108 0.20496176388916534 0.9463995613384376 0.21013225729583665 0.5492163500113855
0 0.2309846621190544 0.5420802778656442 0.2256436060247404 0.9412188580556075 0.6427257787866327 0.9498532756931523 0.6530666341088657 0.5388550093211047
0 0.6634074894310985 0.5440357126039346 0.656513673543683 0.934311429346178 0.7943919636586351 0.9463995613384376 0.7943919636586351 0.5440357126039345
0 0.8170652481996404 0.5312904634504522 0.8116267663593928 0.9343114293461781 0.9546756813721257 0.9325844404180632 0.9512287734284177 0.5474894269586493
0 0.08776518441867871 0.04496634680370482 0.08259469101200782 0.24873858987468173 0.15670439522170948 0.25909993056496256 0.15842784919356348 0.05187394020158137
0 0.8601594089408602 0.03711696323465571 0.846096371760908 0.26428056797241356 0.9495051879654541 0.2625536449196774 0.9426113720780394 0.053600764441249456
0 0.666235685605372 0.27449288036888103 0.6737484762444408 0.35062474434785956 0.9581225893158333 0.3437171838876724 0.9598461747787964 0.2901838208850473