0 0.9325219830023117 0.04856731120297159 0.9287304244445657 0.9261729424615954 0.9780206856952676 0.9261729424615954 0.979537401685714 0.060114688513939384
0 0.8686006652345971 0.058441561193865295 0.8680654875206243 0.9175123819471193 0.9181141067665496 0.9117386382291345 0.9165975064852879 0.06588843223192417
0 0.8069776087309947 0.06926407201637615 0.8036089920389369 0.917512381947119 0.8582075278378314 0.9203993088686123 0.853657611284862 0.05722787171744784
0 0.7444607711054417 0.05722787171744793 0.7444607711054415 0.9232863459151075 0.7967842329186672 0.9261729424615955 0.8005757914764136 0.08609648018236972
0 0.6868290347440237 0.07454899274640024 0.6830374761862773 0.9146255651506275 0.7323277374369794 0.9117386382291344 0.7338443377182412 0.06877535915341713
0 0.5974592166187459 0.06565656840887253 0.5981065876345965 0.9059650046361513 0.6746960010755616 0.9088520416826464 0.6731794007943 0.07454899274640024
0 0.4239666113855263 0.05483405758636167 0.4229365359830426 0.3690088211136035 0.5859735539661344 0.380556308549573 0.5821819954083883 0.07166217594990887
0 0.423018564362394 0.4083694111217152 0.42217823584241176 0.8944177374501854 0.49345954829896105 0.9030780777146582 0.4927012481583302 0.3978774295785254
0 0.5109006829518387 0.40653799009300157 0.510142382811208 0.9117386382291345 0.5783904368506417 0.905965004636151 0.5768738365693803 0.4094249170144946
0 0.3538111316737326 0.05122655397885806 0.35241358152171626 0.8857569566857056 0.4138368185862882 0.8944177374501854 0.414595118726919 0.07454899274640024
0 0.2827076049388066 0.047619050371354436 0.27885731078868214 0.9088520416826462 0.34179720598910807 0.8886437734821969 0.3440721064110005 0.0601146885139392
0 0.2098509566086175 0.05434105492095647 0.2090926564679866 0.9059650046361513 0.2667243349748123 0.9059650046361513 0.27203249381382033 0.05722787171744765
0 0.1393279442926989 0.05722787171744793 0.1355363857349526 0.8944177374501854 0.19847628093537847 0.8944177374501854 0.2022678394931248 0.06011468851393957
0 0.08245459485380016 0.05145412799946314 0.08017963657731543 0.8973043339966735 0.1264366683381983 0.8973043339966735 0.128711626614683 0.06011468851393948
0 0.0257868616699404 0.05122655397885806 0.023306258211120565 0.8857569566857055 0.06956328997200342 0.8915307004036904 0.07107991918056118 0.04568038428147844