0 0.8892326543826868 0.10222672450880313 0.8900960131256787 0.8457511073862416 0.9395927453869511 0.8660000402467586 0.9404177412753189 0.10059031632437465
0 0.8306999595874913 0.08439110824112181 0.8298749636991238 0.8579004362051319 0.8793716959603963 0.8660000402467584 0.8768969600486923 0.09249071228274829
0 0.7737211032275713 0.08704453827398531 0.7713039060493044 0.8498011411377007 0.8175007806338056 0.8457511073862414 0.8183257765221733 0.0722417794222312
0 0.7110828566227494 0.0722417794222312 0.7102578607343817 0.870050073998218 0.7622294547840577 0.8579004362051321 0.7581047270956185 0.08034138346385768
0 0.6530527863958882 0.1072874532537424 0.6516868030845623 0.8740994898012869 0.7044832671459064 0.8660000402467584 0.7036583971342384 0.11678952440762744
0 0.5716670481658285 0.08844098750548393 0.5741419099542319 0.8417012281218792 0.6376627541192083 0.8417012281218793 0.6368377582308405 0.09654059154711012
0 0.483910872204469 0.07692308078410677 0.4833979008085655 0.639211899516709 0.5535182715120349 0.6432617787810707 0.5551681374120707 0.09249071228274834
0 0.4014026213793865 0.08198380952904605 0.4050280747282172 0.6311122954750826 0.4726735836432832 0.6230128459205537 0.46937378890486176 0.08439110824112186
0 0.4014026213793865 0.6943319876666979 0.39925341820139226 0.8619501609823959 0.5584679321504922 0.8619501609823966 0.5535182715120349 0.7242575102231388
0 0.3302392550427528 0.0718623520391675 0.3332577751863622 0.8579004362051321 0.38687923513607403 0.8579004362051319 0.3885291639744597 0.08439110824112192
0 0.2631374044828927 0.0722417794222312 0.26313740448289274 0.8660000402467583 0.32500831980948347 0.85385055694077 0.31923372622100815 0.07629165868659314
0 0.21575905702295084 0.08198380952904605 0.21364067222162011 0.8457511073862413 0.2515881543675925 0.8376515033446151 0.2557128820560319 0.07224177942223166
0 0.12603133425067362 0.06174089454928896 0.1245465919143393 0.8660000402467586 0.1558944845834688 0.857900436205132 0.16001921227190818 0.08844098750548404
0 0.17037951906915544 0.05161943705941042 0.16991859648717245 0.8417012281218796 0.20539121684474135 0.837651503344615 0.20539121684474138 0.06414217538060507
0 0.0734323243496835 0.06680162329422823 0.066800404276188 0.8538505569407702 0.11052248001063555 0.8417012281218794 0.11052248001063555 0.08439110824112203