0 0.46834352729821327 0.052924356165451915 0.468343527298213 0.16341084110693987 0.895830775500321 0.1681459641337896 0.8877268749092633 0.06081624794698678
0 0.4690982312296178 0.1838264314850877 0.47239563216573777 0.29441623263834715 0.9059608058111381 0.29441623263834715 0.8917788252047919 0.19182163947839403
0 0.46403237509993184 0.3179487194535295 0.46834352729821344 0.41279460936136997 0.9100130652506588 0.4096378406066849 0.9039349852353695 0.31651355371078715
0 0.4723956321657375 0.4285783929244396 0.4723956321657375 0.5185459712760082 0.9221689161372452 0.5169676170038436 0.9140650155461876 0.43804869918849515
0 0.46403237509993184 0.5408284038716754 0.4642915770026846 0.6353459937268664 0.9322989464480624 0.6385027022711955 0.9221689161372449 0.5422216466206128
0 0.46656530316477474 0.6493096661990916 0.4683435272982134 0.7426757099136692 0.9383770264633517 0.7442540641858337 0.9363508967435914 0.6621783776158
0 0.4582134969873953 0.7616162020210678 0.46023962670715546 0.8610540866366919 0.867466814287628 0.8594757323645275 0.9322989464480624 0.7647730309861093
0 0.4564335909054029 0.8702169640294662 0.4602396267071556 0.97785410908755 0.8046605027029616 0.9762757548153858 0.8613887342723385 0.8863081162534613
0 0.09353240579795864 0.8835454400247388 0.14823466221957185 0.9715405715781802 0.41161545030083163 0.9731189258503445 0.42377145575941383 0.8815730534369673
0 0.061296812789901414 0.751873768763194 0.09150643065019452 0.8358000570199227 0.13607865676098943 0.8563189033994862 0.41364142544859583 0.8563189033994862 0.40756334543330724 0.7647730309861092
0 0.07902730924380207 0.527021697757277 0.06719441973303013 0.7284702806227641 0.4217454806116493 0.7379405266764635 0.419719505463885 0.5453784153752979
0 0.08137640033937683 0.4364702847059745 0.42579743090717825 0.4364702847059746 0.4278234060549427 0.5232810943028577 0.07529847489608366 0.5138108482491583
0 0.0752984748960834 0.3165135537107872 0.0813764003393768 0.40490271757983515 0.4156674005963605 0.4064811320623558 0.41161545030083163 0.3212486767376369
0 0.07396145311411627 0.18974359124840132 0.07935042519161224 0.29283787836618264 0.4156674005963604 0.2959946471208677 0.40958947515306715 0.19813514688258638
0 0.08915902150317402 0.06548323621881548 0.09353240579795874 0.1649892254842824 0.4318755109224669 0.17288111726581726 0.4278234060549428 0.059237923780000215