0 0.5842413133832742 0.023776884230337116 0.5862530211004205 0.1552635741550944 0.92623699721927 0.14361290783809558 0.938307243522148 0.027105673245780896
0 0.584003978092186 0.18552412804271934 0.590276590018174 0.3133804174749778 0.9463543813576544 0.3150448437283845 0.9342838280878553 0.2002020353894765
0 0.40543254952075736 0.20008319626235327 0.3991614407035217 0.3167092064904217 0.5440065451065053 0.3150448437283846 0.5419948373893589 0.2018664933885681
0 0.4051965638549608 0.038756403054149284 0.39714957950291485 0.15692793691713147 0.5641239292448894 0.16192112044029716 0.566135636962036 0.0387564030541493
0 0.014919280873610588 0.02377688423033716 0.016931142074217514 0.14694163336216967 0.3709970722130913 0.15526357415509437 0.36496179557819186 0.043749618322999756
0 0.018108605858785525 0.1896838618197576 0.022966265225656507 0.31837363274382835 0.3589266724267528 0.3233667845213092 0.3669735032953379 0.19687327811971755
0 0.014919280873610588 0.3583189104550449 0.1798819228984393 0.36164769947048864 0.169823230829247 0.7877311061630523 0.01894284979136359 0.7943886841939398
0 0.214285668233031 0.36647254734388407 0.1959757381190705 0.8043749877489017 0.36697350329533784 0.8043749877489016 0.3609383801438988 0.3683052775013762
0 0.407208271572107 0.3649764884859324 0.39714957950291463 0.8077037132729759 0.5560769448928436 0.8077037132729757 0.5540652371756974 0.37329842927885715
0 0.6043586975216585 0.36164769947048875 0.5983234208867586 0.7927241944491638 0.7391452633389105 0.7827378908942018 0.7492039554081026 0.3549901214396012
0 0.7894387236848716 0.3683052775013763 0.7793800316156793 0.7993817724800512 0.9362956892884622 0.7927241944491636 0.9322719668872486 0.36497648848593245
0 0.5940643402652241 0.8406821979262468 0.6023469898045124 0.9458479812286206 0.9483659355913402 0.9441836184665834 0.938307243522148 0.8326695356517498
0 0.41800800223705514 0.8490016654803233 0.4112318404898603 0.9458479812286206 0.5540652371756976 0.937526040435696 0.5440065451065053 0.8426558392067115
0 0.36496179557819175 0.835998388158563 0.3448444114398075 0.94085476595977 0.024977972942802667 0.9458479812286206 0.0330249572948489 0.8376627509206003