0 0.0845201573554873 0.09852475653727434 0.20971434791127017 0.05826776958579576 0.20145980550492645 0.2858069257556715 0.05838068560023109 0.2858069257556715 0.06388374885852734 0.11427739621468715
0 0.0570049460262075 0.3295644622084074 0.0515018827679111 0.4818407024176688 0.3844360028295182 0.49759344224813434 0.38168441871926917 0.3313148037277379
0 0.04737466404584014 0.5343497461609519 0.2042113896151753 0.5343497461609518 0.19045378395053542 0.9019130523639333 0.03224131880717644 0.907164010153223
0 0.22738214944866378 0.5516185493502613 0.38993906608781403 0.543101253451499 0.3844360028295181 0.9194160669450278 0.2179689952798152 0.907164010153223
0 0.4269005533014329 0.34383202266609686 0.42295723571318933 0.49934371699876307 0.9306129057308424 0.5010940585180936 0.9347402294151148 0.33656569474832587
0 0.23172660094445519 0.05826776958579576 0.38306026325549447 0.03201324771415423 0.39406628480988537 0.29805904931617805 0.22622353768615902 0.2858069257556715
0 0.4217405945811028 0.031058619341512366 0.42433308024941385 0.2998093908355084 0.5797939612825243 0.29805904931617794 0.5729151584502042 0.028512698212896846
0 0.41486064962066244 0.560367455736963 0.41057547458477417 0.9159155174437701 0.582545545392773 0.9159155174437702 0.5880485036888681 0.5536031022613768
0 0.6114364962960765 0.5606042680325932 0.6018061093535079 0.9246670247343173 0.7600186794590682 0.9159155174437702 0.7655216377551631 0.5641048843025526
0 0.7902853699363955 0.5606042680325932 0.7806550879560283 0.9194160669450276 0.9402431877112095 0.9264172994849461 0.9471219905435296 0.557103651762634
0 0.600619163552551 0.01793525976145989 0.5976788906314368 0.29630877456554916 0.7558913557747958 0.298059049316178 0.7517640320905232 0.0110096836318025
0 0.7760577600437791 0.0004374469880565435 0.7696489614394358 0.29455843304621865 0.9306129057308424 0.31031117287668436 0.9319887502670671 0.0022581095725534737