0 0.6669955296154615 0.026185750462409767 0.8014475333863023 0.022969348214368433 0.8026698989323923 0.48612952352086714 0.6853298937660306 0.48130495082269026
0 0.4801344463469639 0.026527332722949062 0.6388828006165629 0.026185750462409816 0.6449942553334193 0.48130495082269026 0.49587479754348274 0.4861295235208671
0 0.3762224659068661 0.032556271629701476 0.4494277043940146 0.02940215271045115 0.45187234223279626 0.4909540962190439 0.38586861264006744 0.503819643863439
0 0.25550119451322306 0.03858521053645388 0.3528667012170038 0.03261852428460728 0.36508961065071655 0.5166852528556043 0.25997260817146634 0.5182934233057399
0 0.11207542267422133 0.024577549338389123 0.21963706299225322 0.02136117776423295 0.2147478805680884 0.5263343982519582 0.09496333081634374 0.5182934233057399
0 0.8300733216525873 0.032556271629701476 0.906564629118951 0.024577549338389078 0.9016753534413878 0.48612952352086714 0.8320048069705844 0.48291312127282576
0 0.09374105852365208 0.5697556752310905 0.19641351641751917 0.5665393956785897 0.19152433399335445 0.9718044225419996 0.09374105852365212 0.9685880816417288
0 0.22055349021822332 0.5500558472384974 0.3831182229879627 0.5532722494865386 0.3818958574418727 0.964970142193802 0.21077512536989357 0.9553209967974482
0 0.40831293045454337 0.5430064324014057 0.569212254145759 0.5375917754462176 0.5789905257406903 0.9653716180459169 0.41275897609287615 0.9541143021994277
0 0.6115525392564993 0.5349678471924024 0.7488889855199776 0.5343753731981762 0.7623342604997807 0.9412486932072626 0.6168816195879188 0.9476814977033451
0 0.7831131692357332 0.5359835436483119 0.7867800793672061 0.9396405227571271 0.9200097175919568 0.9315995478109087 0.9126760838358077 0.5424163481443945