0 0.5934504426706332 0.048633442047707906 0.7657306117823942 0.04709227305302301 0.7465645137191026 0.3880296537161133 0.5724719891997323 0.38642142191820766
0 0.7771565129581731 0.048633442047707906 0.7673278881669015 0.3896378241662488 0.939823014446685 0.40250337181064394 0.9494061853334104 0.05030873664883461
0 0.40157377373921677 0.04065949923082548 0.5708747128152246 0.039051298106804834 0.5580973547247237 0.37677227652185385 0.3824076756759253 0.3735558742738124
0 0.27060515264487184 0.11463653621858017 0.3744217811737074 0.12106924869300743 0.3632414557575539 0.3687313015756356 0.25623051816986353 0.36712306977772974
0 0.12685905160494637 0.10820370104861232 0.249841778197073 0.10981190217263302 0.23386998919263685 0.3655148993275944 0.11567872618879298 0.362298497079553
0 0.11567872618879307 0.40250337181064394 0.10290136809829187 0.6035277454660986 0.16838567864546441 0.6035277454660986 0.17477441861825496 0.40571977405868526
0 0.1920926151945949 0.406350483848351 0.17956588220653766 0.6083523181642754 0.36324145575755407 0.6163932931104935 0.36643588667148913 0.40732794450882065
0 0.39358787923699906 0.42180172395112153 0.37601893570313505 0.6147852453558987 0.5549029238107888 0.619609695358535 0.5580973547247235 0.4201935535009862
0 0.5854632222233489 0.4204180079641066 0.5580973547247237 0.8576226028448095 0.6251788198013236 0.8962193071257649 0.7337870337735218 0.9428568636573978 0.7497588227779581 0.43145086934747534
0 0.765730611782394 0.42019355350098614 0.7577447172801759 0.9669797884960526 0.8136459787957029 0.9943191769305189 0.9270457782112635 0.9862782019843005 0.9334343963289741 0.42662629664929846
0 0.18914905309326352 0.6292589021026591 0.17637157314768248 0.9251667433148262 0.27699389261766244 0.8913946730798177 0.31852051965818046 0.9605471066955105 0.42393430271644333 0.9653716180459169 0.4958073532364065 0.9412486932072623 0.5341396712180693 0.8962193071257649 0.5469170293085704 0.6356916452509713
0 0.10622999538628819 0.6334405160026918 0.16359409320210153 0.6356916452509713 0.14921958058217266 0.9315995478109087 0.11248441712993758 0.9525061317492922 0.09172104268213861 0.9508978386036162