0 0.023563760164998174 0.03737166481096397 0.09208327845621152 0.03949354404619493 0.08429486322161207 0.8824545902300895 0.014199393503213989 0.8857409377290111
0 0.10298703007431774 0.03949354404619493 0.09130445178791803 0.8939569318424365 0.16139992150631613 0.8956001055918974 0.1707459603671695 0.0526391534325937
0 0.1847650780791155 0.044423159319168355 0.17619780646588967 0.900529752206401 0.24317796951111392 0.8956001055918974 0.2540816617085542 0.05099594834160254
0 0.264206586658367 0.049352805933672014 0.25563937446580703 0.8972434047074793 0.3241771314269523 0.8956001055918974 0.3350808830450585 0.06085514754601916
0 0.3459846346631647 0.06085514754601916 0.3389750758071918 0.9021729259558621 0.42932033600454944 0.9103889200692873 0.44411828038478884 0.06578479416052282
0 0.45199608733150254 0.055852157624105656 0.44645481981033514 0.9021729259558621 0.5243386750529999 0.9103889200692873 0.5321270605772662 0.0690711416594445
0 0.5444985216060887 0.07227926234689826 0.5383577333442797 0.9087457463198264 0.6185781874331565 0.9038160997053228 0.6240300335318767 0.07400078827394822
0 0.6372702651548633 0.07071434675043567 0.6310395329671837 0.9186049141827127 0.7143752343085685 0.9284640820455989 0.720605966496248 0.07564393068187886
0 0.7385192769703273 0.07893034086386107 0.7307308914460607 0.9218913870477555 0.8156242461240323 0.9268209082961382 0.8210762110640843 0.08221678238737362
0 0.8356377621124178 0.07843942661794549 0.8374317493602448 0.29090295138040007 0.9160944906918687 0.2859733674489569 0.9145368373552817 0.08221678238737362
0 0.8317429227745405 0.3186858331887874 0.8288645965883508 0.930107381161181 0.907527219078643 0.9268209082961382 0.9090848724152298 0.3155509337206763
0 0.9281401963870041 0.08870636706969087 0.9207674507016294 0.9218913870477555 0.976065035460454 0.9136753929343303 0.9752861493714946 0.09864877061422443