0 0.7328072626755755 0.0680245711733566 0.7296888006839601 0.21244113168657028 0.9768213522721712 0.20224698035774627 0.9768213522721712 0.0663254811394645
0 0.5284600211398178 0.05987261308479714 0.5301118130712998 0.19035386861987305 0.7179948358690161 0.19714993709954493 0.7156561380717567 0.06972353158240585
0 0.526213824799652 0.2209362253877129 0.524654653282425 0.3466635732771707 0.7172153095889835 0.3585567174212546 0.7172153095889835 0.23113031190411543
0 0.7406032392188714 0.22603326864591414 0.737484777227256 0.35345967416305335 0.972143718763329 0.36705181112239715 0.9737028902805559 0.241324398420518
0 0.1824561225043403 0.04288747508055086 0.1824112711360165 0.1648685875164452 0.4926911613506278 0.17846078928821058 0.4942503328678546 0.06972353158240584
0 0.1824561225043403 0.20000000161982898 0.18163168537740312 0.32457634261668417 0.4903523445962067 0.3398675372037095 0.48879317307897974 0.2209362253877129
0 0.10523109146167041 0.0391412072207767 0.17305612307549367 0.03574315677783538 0.15668458423028833 0.9056407647373231 0.09041878361227275 0.9056407647373231 0.10445150570305697 0.04084020003603667
0 0.018713432445860746 0.028025479326835356 0.00700179891185756 0.9141358584384656 0.08340236308829982 0.907339757552583 0.09197795512949962 0.04423825047897799
0 0.17855748702675744 0.39320594641813045 0.17305612307549367 0.9158348512537257 0.2393219236935093 0.9175338440689856 0.2447790834823841 0.40273117874222764
0 0.25458087883962294 0.3847133774160073 0.25023630274983977 0.9243299449548681 0.31962044640230913 0.9209319593243483 0.32507766566976476 0.39593514266876634
0 0.339110387760549 0.39933319311170773 0.3320940564544473 0.9226309521396082 0.40147820010691665 0.9345240314712707 0.40381701686133775 0.39253709222582506
0 0.41539959228991535 0.397452230919192 0.4139518101590548 0.9328250386560109 0.4739808057510013 0.9430191251724134 0.4833359538115241 0.3976341354840264
0 0.5265107034010265 0.3868365196665381 0.5199770792521636 0.9277280602102311 0.7109785045629146 0.9379221467266337 0.7156561380717567 0.39593514266876634
0 0.734113042582313 0.397452230919192 0.7289092744039275 0.9447182476125162 0.9643477422200329 0.9464172404277761 0.9674660852544867 0.4265174670303955