0 0.343482568845227 0.09371196909318348 0.3426131540289255 0.17495412187080658 0.6633558826875109 0.18793974412471373 0.656988877805223 0.10515651448638841
0 0.6827860514322917 0.10182555935687516 0.6784778228900279 0.18956291981637183 0.9371413431250564 0.20092539733871262 0.9371413431250564 0.11327251678504596
0 0.6817910265566698 0.22758620844409624 0.6744983841171813 0.4151877775270332 0.9466919718913214 0.4281734307410321 0.9458960355596185 0.22040375331934392
0 0.661890529044232 0.23164300357594209 0.6354998112775846 0.4233037798256908 0.33704196403550696 0.4038254238450595 0.3434090296392115 0.21066454436893647
0 0.3225870464571673 0.18701825712563783 0.318736521391846 0.4005790105415597 0.0274415850030505 0.381100592640745 0.026645709392764488 0.17170773952739862
0 0.026069633521843907 0.4405679528660029 0.1683137236339615 0.44440543533834714 0.1643342848611149 0.9086408039736691 0.018686831847071334 0.9005248016750115
0 0.18925371312383396 0.4527383382615405 0.18343560311506188 0.9005248016750115 0.33385840087294644 0.9021479773666695 0.3298789621000998 0.4606374399356623
0 0.35741291710393347 0.4628803260911551 0.3529597191268934 0.8972783264513282 0.5304426519630013 0.9086408039736691 0.532830339515276 0.48336220921979334
0 0.552437792725824 0.4709939163548468 0.5511357214375202 0.9118871553569852 0.7286187757164617 0.9200031576556428 0.737373468151024 0.4898550358267928
0 0.7548829744629824 0.49310144913029247 0.7524954083535413 0.9232495090389589 0.8424306274656073 0.9200031576556428 0.8424306274656073 0.5044638028122663
0 0.8629246691176239 0.48620098861406236 0.8599402552203992 0.9281191599543002 0.9602220394304332 0.9362351622529578 0.9560435121136673 0.49431699091271997