0 0.8780833112645007 0.11921585321475195 0.9705581375460908 0.1323690061839767 0.9672847387806421 0.697954583860641 0.8748097876268935 0.6848014308914162
0 0.7655002882028373 0.10585141605174056 0.8658078785858303 0.09554023808050345 0.8649894664583888 0.6874321216956173 0.770059403794474 0.6742789687263925
0 0.6563071109209916 0.09290954727630242 0.7553289844777964 0.08238708511127868 0.7553289844777963 0.6584951249529667 0.6628540333240475 0.6663869966643828
0 0.5564668876728244 0.11395457195694332 0.6497601885179356 0.10343210979191941 0.6456683776250454 0.6558645344993591 0.5491016780144856 0.6637566069119621
0 0.44935541404691337 0.08284023919440987 0.5441914549941541 0.09554023808050349 0.5409180562287054 0.6742789687263925 0.4468064056922321 0.663756606911962
0 0.3256887782882522 0.09817082853411097 0.42962074999323 0.09817082853411105 0.4238922397176156 0.6400806907259334 0.32568877828825227 0.647972662787943
0 0.22257515627463648 0.09027895682269474 0.3207786177039999 0.09290954727630242 0.3142316953009439 0.6479726627879429 0.2127547726700526 0.6769097598811867
0 0.21199097778744952 0.0795529282147912 0.20211610181018588 0.6795401496336075 0.14892256020261396 0.7058464555720574 0.09654736828640427 0.4506753682495717 0.02862331370803587 0.08501767556488611
0 0.42275422722473205 0.7172912582608136 0.42634735122778145 0.9715402057607534 0.2004793399913822 0.9952159212455953 0.15465107047822843 0.7689818306657602 0.2626749155121757 0.700585274664842
0 0.4411704334862422 0.7041420143423389 0.44107783298053826 0.9768013866679683 0.5351894835170116 0.9662790248535381 0.5368262453358152 0.716369218788861
0 0.5526907936253869 0.7370151241385255 0.5482832658870442 0.9741707962143609 0.7463269505645745 0.9399727189150884 0.9689214381633667 0.89788246885262 0.9672847387806424 0.7400447335725163