0 0.8544414926225298 0.023026317358017013 0.9756245469260496 0.019799570700494436 0.9668309322235195 0.7124396366365943 0.8498758298438827 0.7140848373273578
0 0.7148196808371297 0.023026317358017013 0.8393235190368284 0.018154338629539055 0.8296504891920804 0.7124396366365943 0.7126955209923556 0.7075039718039198
0 0.5729991003621956 0.03125000156854328 0.6915907651983355 0.026380467604124123 0.6880733729892881 0.7042135076620091 0.5728769667141752 0.7075039718039198
0 0.44107297899016396 0.023026317358016968 0.5535310412045906 0.023090003462213415 0.5482548858010637 0.7009231690408653 0.4286616721746856 0.7075039718039198
0 0.30474932023906454 0.027138159463280173 0.41547125012088987 0.023090003462213415 0.40579828736609763 0.7140848373273578 0.294119407479944 0.7173754269900354
0 0.1684256614879652 0.03125000156854333 0.2818083334784102 0.03296136450775376 0.2747734148804036 0.7190205021600322 0.1543009202917195 0.7239562297530899
0 0.022396699753763537 0.024735235533168743 0.1463866536414509 0.026380467604124123 0.13759303893892053 0.7124396366365943 0.014482433103494995 0.7190205021600322
0 0.08571069877600004 0.789765198789387 0.08571069877600002 0.9987089500563072 0.19387218645310625 0.9987089500563074 0.19563088255763 0.793055725691681
0 0.21673557126169413 0.7864747974078597 0.22464983791196266 1 0.32841451823780377 0.9987089500563074 0.34160494029159927 0.793055725691681
0 0.3641160748564788 0.7919407910422275 0.3512779030463916 1 0.4831821235843475 0.9970637493655438 0.4814233603898678 0.7815390698148018
0 0.502638502297112 0.7713815805159117 0.5042868122884117 0.9987089500563077 0.9747451317838317 0.9987089500563077 0.968589628328043 0.7881199980986235