0 0.5840637085447273 0.04677419508657148 0.5838503448664317 0.19849941250546263 0.9359832105011681 0.19365933821521608 0.9359832105011678 0.05329499892691058
0 0.3942403683470644 0.054908357023659475 0.3926470317169105 0.18881914083363682 0.54879645274787 0.18559242464013911 0.5599499307227417 0.06297527059873644
0 0.3549800432060819 0.04677419508657148 0.3575931395983483 0.18075222725855986 0.013427200241968317 0.18397897422489073 0.015020536872122502 0.0516816100573286
0 0.016334624879388696 0.24032258218334568 0.013427200241968345 0.3824250358626506 0.35918647622850264 0.3904919494377276 0.349626334883785 0.24206078889284466
0 0.4047808400188309 0.23629032411882955 0.40380063125557475 0.39371872717689155 0.567916735437305 0.39210536908014276 0.5551699208322792 0.22915367793618843
0 0.5918171495809952 0.23238045567535248 0.5886304763206868 0.37758490002673767 0.9248297325262963 0.38887859134097863 0.9168629278117328 0.24206078889284466
0 0.7702735265616982 0.4340532950522764 0.7766471162099001 0.9454956895669548 0.9312030790469129 0.9471090476637037 0.9152694696177863 0.42759980111961454
0 0.5760955810546875 0.42983871121560374 0.7415932240913381 0.43082651731311233 0.7431864391576998 0.9535626031420319 0.585443681496586 0.9535626031420319
0 0.39282864878377116 0.42983871121560374 0.5376428532092058 0.42759980111961454 0.550389789378024 0.9358152948037965 0.40539396788572885 0.9277483812287196
0 0.19760952527779507 0.42983871121560374 0.3512196715139392 0.42921315921636344 0.3512196715139392 0.9471090476637037 0.21578399136636148 0.9438822083788734
0 0.002390401771818974 0.4419354854091521 0.1791366410538528 0.42598638147719947 0.1679831630789811 0.9567893193355296 0.01820721013243076 0.9422688502821246