0 0.8994527774258212 0.03578874753903157 0.9889401940690689 0.04089229212791938 0.9797404994362973 0.6448132709967758 0.90614332521618 0.6431121110988431
0 0.8209953802691897 0.03656462747223523 0.8910894650738538 0.037489939884509244 0.8910894650738538 0.6431121110988431 0.815819653906147 0.6380085665099556
0 0.7289836696878431 0.02593537577155495 0.8049473223257854 0.03238636284807627 0.7957476276930137 0.6448132709967759 0.7221504534728966 0.6431121110988431
0 0.596194041917036 0.023809525431418906 0.7121145041733393 0.03408762008864424 0.7096054849449454 0.6295026372301125 0.5916827935436064 0.6431121110988433
0 0.511395007726121 0.022179241222755632 0.589173838122222 0.025581690808801235 0.5741198503658766 0.6363073417169327 0.5038680138479484 0.6397098561980686
0 0.4268088474377385 0.02593537577155495 0.49048672684620254 0.025581690808801235 0.49132304531999726 0.6414108863058204 0.413544278730906 0.6329049570259775
0 0.3358427244766343 0.021683675091282863 0.4076899218003231 0.023880433568233266 0.39932660944835546 0.6346061818190003 0.3248931805614531 0.6380085665099556
0 0.2406942510345599 0.017431974411010742 0.31485716745488646 0.030685202950143875 0.3106755112789028 0.6278014124370898 0.2328967446898114 0.6175943232593142
0 0.15286489093418354 0.0153061240708747 0.2303877254614174 0.02047808132482315 0.22536975081163874 0.21781564710669096 0.14926362117013717 0.19740140385604948
0 0.14763695283297062 0.2172619063837998 0.2236970500570396 0.24503459484415252 0.22286073158324476 0.6261002525391572 0.14424558271334906 0.6278014124370898
0 0.0815207400735933 0.020478081324823167 0.13755497111598083 0.02047808132482313 0.1291916587640134 0.6243990277461344 0.027159241689309825 0.6124907786704263
0 0.9019616690401961 0.6992513611569701 0.8994527774258212 0.9170030079517533 0.9747225885935279 0.9136006881558884 0.9755588432603132 0.6924464619848787
0 0.8157674421679767 0.6913265322341399 0.8141468893445383 0.9153018480538208 0.8885804458454597 0.9153018480538208 0.8843987896694758 0.6907454318771269
0 0.7248013192068726 0.6785714301933236 0.799093029202212 0.6890441421890137 0.7949113730262283 0.9118995282579561 0.7188051795777171 0.918704167849686
0 0.5951484542967933 0.6955782329144119 0.7070965933305704 0.6907454318771271 0.7079328479973556 0.9238077773336638 0.5992097874217791 0.9187041678496859
0 0.4226264969567682 0.6870748315538678 0.42190759108287323 0.828541395357458 0.5791378250156555 0.8234377858734798 0.5841558634724435 0.6873429173959911
0 0.4236720845770107 0.8401360560436638 0.4202348903282742 0.9153018480538209 0.5841558634724435 0.9170030079517537 0.5824831627178442 0.8506567336109414
0 0.3159765596920254 0.6892006818940037 0.31569348592868135 0.8166330164915693 0.40518096637893847 0.8166330164915693 0.4068536033265282 0.6907454318771269
0 0.31493097207178283 0.8422619063837997 0.3165298682094857 0.918704167849686 0.410198941028717 0.9153018480538208 0.4093626225549223 0.845553253917144
0 0.009619386960950575 0.7891156478803985 0 0.8897840602142917 0.2998032435055509 0.9067959187739779 0.29813054275095163 0.7655974408125109
0 0.02007526316337635 0.6785714301933236 0.0070872792831861015 0.765597440812511 0.30482121815532937 0.7468844223548924 0.29980324350555093 0.6839405327050357