0 0.0601694139383607 0.016647400607952494 0.04795587867080891 0.4076024418022029 0.16996946661705076 0.41500351351838954 0.18013737335449168 0.02089799743216829
0 0.22118636309090306 0.018959539336276192 0.20725136035331787 0.4076024418022029 0.325875732247283 0.4039019059441095 0.3360436389847241 0.028298963275578688
0 0.36525415970107256 0.018959539336276192 0.34960076177444194 0.41130297766029617 0.47161434972068444 0.409452745022175 0.47839278182523803 0.022748194779364107
0 0.5055070274046743 0.01904765892127078 0.49872859530011987 0.42055428201460415 0.6173529671940852 0.4224045146527253 0.6173529671940852 0.03014930178647623
0 0.6648025090871834 0.022748194779364107 0.6376885220883576 0.4168537461565108 0.7597021100345994 0.4168537461565108 0.7529236779300456 0.0245984627084108
0 0.797457549531581 0.03052023297789469 0.7868163556140355 0.41130297766029617 0.9088299435602776 0.40205167330598834 0.9054404689273909 0.0245984627084108
0 0.04745754953158104 0.4351445104345421 0.020841633091372946 0.9589802377844349 0.13268757288078373 0.9663813095006216 0.16319103451249697 0.4483081950775278
0 0.19152534614175054 0.4443930653478369 0.1665802505647741 0.960830470422556 0.281815406406462 0.9626807030606772 0.31231886803817466 0.4335061222270054
0 0.34406771902310646 0.4351445104345421 0.3089293934052884 0.9682315421387429 0.43433245598441733 0.970081774776864 0.44788957877413527 0.4483081950775278
0 0.48856068856267915 0.4464579624394066 0.4546680108786893 0.9682315421387429 0.5766815988249318 0.9663813095006216 0.6071850604566446 0.4501584277156491
0 0.6322033122434454 0.4351445104345421 0.5936279376669263 0.979333079131172 0.7325878644551638 0.9719320074149852 0.7529236779300456 0.4483081950775278
0 0.7847456851248014 0.4443930653478369 0.7529236779300452 0.9737822400531064 0.8647693591388471 0.9682315421387429 0.8952730793511693 0.44275742658131323