0 0.8974046854110431 0.07084468838087975 0.8864930254629907 0.9672141359951336 0.9602845536606346 0.9708482214446682 0.966771617637418 0.08230074314913412
0 0.8112327470493238 0.0640326992800623 0.8037817224308624 0.9526775169340497 0.872707828913105 0.9781165309752099 0.8824385486110938 0.07866662304173143
0 0.7220194461571909 0.0640326992800623 0.7153940528198278 0.9708482214446682 0.7899965258809769 0.9617628691893588 0.7940510027328735 0.07139834816905763
0 0.6409164453461608 0.052679384112033274 0.6326827497876996 0.9544945596588168 0.7007980351392513 0.9563116023835841 0.7089069888430445 0.06594718533688804
0 0.5572695174622666 0.05504468638320648 0.5507823297526694 0.9508604742092827 0.619708498101319 0.9454092074035078 0.6253847409474111 0.05867884114847759
0 0.4736415061734115 0.054950047145639114 0.46401654986864455 0.9399580792292063 0.5337535393479849 0.9381408978729656 0.5394297821940774 0.05867884114847759
0 0.40887563993628767 0.049593488893168246 0.3991449202382986 0.9472262501282749 0.44536593160335736 0.9399580792292062 0.4575293621590471 0.05504468638320648
0 0.34400401030594185 0.051410566275803794 0.33427329060795263 0.9399580792292062 0.38860325567680465 0.9363238551481985 0.39671220938059787 0.05686183308157885
0 0.27798051671680163 0.04586739501121583 0.26859071611410196 0.930872726973897 0.32048803219165994 0.9308727269738972 0.32859698589545333 0.05141056627580395
0 0.20701539100715038 0.032243416809580955 0.19885372663476147 0.9381408978729657 0.2523728087065153 0.9326897696986642 0.2588599964161128 0.04414229140313016
0 0.14290193370530674 0.04414229140313008 0.13236033101021974 0.9236044174433551 0.18263581922717503 0.921787374718588 0.19398836678576695 0.04414229140313016
0 0.07420922717908873 0.03678474287679256 0.06992138130437109 0.9199701933623472 0.12100778345162784 0.9236044174433551 0.12262954944582359 0.040508136637859134
0 0.013969588374916372 0.025971586892511712 0.0009952748221286273 0.9163361079128128 0.05127076303908384 0.91815315063758 0.05775795074868126 0.04959348889316832