0 0.8229580304480546 0.5102579743305697 0.9389998160300832 0.5068066441785196 0.9389998160300833 0.9213113075852771 0.8201087000660949 0.9261878826437032
0 0.6846210179388569 0.41885029608559715 0.7847944751944762 0.4174036775613757 0.7812630167838271 0.9261878826437034 0.6812060463142405 0.922936791265934
0 0.5462840054296588 0.41072516913048845 0.6576632297331615 0.4174036775613758 0.6529545586464842 0.922936791265934 0.5493662195749666 0.9294388500050175
0 0.4351835950802198 0.41415264819183417 0.5211148217159278 0.41415264819183417 0.5164062404379682 0.9148092488461935 0.4340063824041915 0.9196858239046201
0 0.3093450797490112 0.41885029608559715 0.40104649307591156 0.4141526481918342 0.3951607889306415 0.9310643336856744 0.2998123997390145 0.9213113075852771
0 0.17385827714501023 0.4206547069309176 0.28097807462717683 0.4157781318724911 0.26802954346932695 0.9278133663243604 0.16561832726511969 0.9245622749465908
0 0.02678437334724525 0.6036969343143195 0.12794976685016218 0.6075881825849454 0.12794976685016218 0.8920521052676295 0.02318430491133428 0.8888011379063158
0 0.03708606576814296 0.03290676571793512 0.13383547099543186 0.03866018219900756 0.1303041023935008 0.5409422975381379 0.03966420467111516 0.5360657844879394
0 0.17268115427769976 0.05816629640802997 0.19033826671350926 0.20771305832878395 0.45872641166129896 0.20771305832878392 0.46578923867387917 0.07604689593228149
0 0.18327543970092897 0.22884465621846328 0.1762126126883488 0.3670128773540491 0.47520631142107994 0.3783914491433311 0.47285206568645927 0.24997631611637036 0.18209831683361868 0.2385977443270883
0 0.49183220263348515 0.08978265440369584 0.49639488226753836 0.3783914491433312 0.7895029666637177 0.37351493609313235 0.7836172625184478 0.08742549872567737