0 0.7957461757970019 0.12220359541490522 0.791359290988892 0.43219038809669286 0.9419741818924618 0.43555982337800936 0.9361249277729052 0.12557296642958912
0 0.610036541117899 0.12557296642958912 0.6085741718064523 0.43219038809669286 0.7518777739683637 0.4305057025893508 0.7577268049616903 0.12220359541490522
0 0.4535725076578881 0.11251580295487566 0.45211024990955645 0.427556844958587 0.5895645979519116 0.42882095281537624 0.5895645979519115 0.11378003934493013
0 0.10262529302878463 0.10872585428963895 0.10847443558522608 0.4406139441666679 0.4184777638823548 0.43555982337800936 0.41847776388235486 0.12051881350761433
0 0.10822665756755599 0.5120000016061883 0.10554992008856288 0.6848970701959456 0.2400796410711398 0.6848970701959456 0.23423049851469832 0.5147412632891017
0 0.27824493910320497 0.5162105279219777 0.2766366425950048 0.6848970701959456 0.4170155061340231 0.7017441823358959 0.4140909906373597 0.5248495048664188
0 0.4447988496047835 0.521900647235655 0.44187433410812027 0.6916359407585787 0.5690926547859242 0.6950053760398953 0.5690926547859242 0.5231648193590769
0 0.6129610566145621 0.5202159617283131 0.6085741718064525 0.6950055045731605 0.7548021779019121 0.6983748113212118 0.7533400317166955 0.5282189401477353
0 0.7773308623207552 0.5309473700272409 0.7796610058760093 0.9157025836332224 0.9215021271633592 0.9224413256625904 0.9229644964748059 0.5349578107103685
0 0.09677615047234321 0.7388079704303779 0.0967761504723432 0.9089637130705892 0.23423049851469838 0.90559421352264 0.23276824076636682 0.7303844143604029
0 0.26361971058400935 0.7435789489746094 0.26493835748212197 0.9089637130705892 0.3950813052197041 0.9140177695926152 0.4009304477761455 0.7455467124597459
0 0.43912245281435675 0.730947370027241 0.4374874493000105 0.9072790275632473 0.5705549125342559 0.8938012864379811 0.5690926547859243 0.7354384066157962
0 0.6041873985614575 0.7392284195476655 0.5968759982566847 0.9039095922819308 0.7489530353454708 0.8988554072266395 0.7460285198488075 0.745967225843666