0 0.6965263569473821 0.11073593714102296 0.6980640655466929 0.37457341072943 0.9387006801911172 0.3828832848655949 0.9371630889025024 0.11073593714102292
0 0.5836216663681787 0.10436137269714293 0.6834566550281135 0.10865846860698168 0.6811502094398435 0.3766509188878877 0.5812053092961896 0.37041847366134745
0 0.5788158224619887 0.43925233842923 0.5781300680636121 0.6176364763483403 0.936394351913543 0.6384110824399195 0.9302438694483885 0.443129594981875
0 0.504324571758496 0.10034863409523338 0.497405293649034 0.94587507824786 0.5596786793234962 0.9500300945647759 0.5689043443658803 0.10658107932177353
0 0.4328254623863018 0.09619377627598391 0.49433005241645667 0.10242606300485795 0.48894842425095736 0.9354877752020704 0.4282126298651096 0.9417202204286108
0 0.37504804083953586 0.09397715670545033 0.4097612411249937 0.09411622849310958 0.40284196301553166 0.94587507824786 0.3605575573698001 0.9417202204286108
0 0.32211718860095323 0.09619377627598391 0.36055755736980016 0.09619377627598391 0.34979424238345336 0.9292554884731965 0.3082786910373771 0.9437976493382355
0 0.2616301246534536 0.08359294071375767 0.3021282085722224 0.08788386251540248 0.29597772610706785 0.9375652041116951 0.2536933204613363 0.939642791518986
0 0.2068435041228884 0.08359294071375775 0.24754289665152956 0.08372892544731995 0.23908602725345285 0.931332917382821 0.19833921289633596 0.9313329173828211
0 0.15205688359232325 0.07840083271791139 0.19295758473083663 0.08165145691327869 0.18450065667741206 0.9313329173828211 0.14067865974306581 0.939642791518986
0 0.09378139224846833 0.08165145691327877 0.1376034185104885 0.08165145691327877 0.12914654911241177 0.939642791518986 0.09070618034356492 0.9375652041116951
0 0.5740099785557988 0.6754932522402373 0.5742860311867277 0.9583398102032745 0.9325503150366583 0.9500300945647757 0.9325503150366583 0.6758051990573294
0 0.04632831765614486 0.07840083271791139 0.08071169032919956 0.08165145691327877 0.07302361657543016 0.9354877752020706 0 0.9292554884731963 0.0007557115589285719 0.686192502103119