0 0.6395578042159603 0.10528813233750588 0.6430854139220215 0.2749851160382617 0.736564850817546 0.27664885022254015 0.7409742620267089 0.1119429104121951
0 0.6395578042159603 0.30825903814419237 0.6395578042159603 0.4846108633846072 0.7268642268961181 0.4846108633846072 0.732155439608383 0.3165775186706751
0 0.3221609500434985 0.29771309929925044 0.3220801971562257 0.4679739023316417 0.6236838969500634 0.4929293439110897 0.6236838969500634 0.3165775186706751
0 0.3221609500434985 0.0918918934780446 0.3211983283708482 0.27831252094184866 0.6316209178652875 0.28496733074902275 0.6245658330177165 0.10695183478929943
0 0.13803746603026806 0.30810810969426083 0.13688492637138047 0.4080808044619846 0.21978187056009965 0.4163992849884673 0.23301010418758863 0.4679739023316418 0.3044425523195738 0.471301243770259 0.3062063571726043 0.29661315271412264 0.2259550193400176 0.2949494819948141 0.22154560813085464 0.31491384795136645
0 0.3256077395800112 0.5112299756833638 0.3273714771507662 0.5877599711410165 0.6175107481701453 0.6127154127204646 0.6201564218085535 0.5411764928857075
0 0.6360303290744503 0.5328580123592248 0.6307389817976344 0.632679778677017 0.6527860378434494 0.6925728765466742 0.8415089183343555 0.7058824326960524 0.8106430398702147 0.5345217465435033
0 0.755084431721851 0.11693398603509073 0.7982966077458278 0.11859775195185407 0.7982966077458278 0.41972668989205425 0.750675020512688 0.44135472656791525
0 0.8116868596355602 0.12931393090008203 0.8132885789440717 0.30992277232847076 0.8714928607308434 0.3165775186706751 0.9543897376372871 0.22840163778295258 0.9455709152189611 0.14355319353130214
0 0.8044697565257457 0.449673207094398 0.8556189534649464 0.3947712483126063 0.9967201121581619 0.8506239430848752 0.9279332703823091 0.8639335626992235
0 0.15347296768407181 0.09812889971505084 0.14482188000432897 0.25502075008170927 0.30708822595798174 0.2616755598888833 0.30885196352873684 0.07866898830626434