0 0.8532212628703827 0.07857143027441844 0.8479812792930488 0.41805635092118515 0.952165695806818 0.42698757666502035 0.9297604522958324 0.09831854424571426
0 0.7495798062877496 0.06964285884584705 0.742676703166796 0.4162701330283561 0.8300570161088839 0.41805635092118526 0.83565832698663 0.08581474643653104
0 0.5478991340188419 0.0607142874172756 0.5466307369764563 0.3966213955080117 0.7180307985539589 0.41091141121002384 0.7225119498192214 0.08581474643653109
0 0.35182070264629295 0.047321430274418444 0.3461037904592962 0.39126267368967954 0.5275863141798074 0.40198018546618863 0.5331876250575538 0.06973854691161221
0 0.18375347575553663 0.05401785884584705 0.1847860200863599 0.3841177339785181 0.32705936766264737 0.3966213955080117 0.33378092362209866 0.07152486701420853
0 0.026890730657497357 0.0450892874172756 0.16910241800404724 0.04830362556836123 0.16574159728971102 0.40019389943351474 0.018987269386603462 0.3966213955080117
0 0.7381955519015337 0.4502087499710229 0.7337145715747139 0.9485712418728098 0.9622479870113839 0.957502467616645 0.9532858554193014 0.47878871323520233
0 0.5443902468130462 0.4377050884415293 0.7236321094317052 0.4519950360036969 0.714670148778065 0.9557161134441261 0.5376686053843738 0.9521436776584682
0 0.3494646111736325 0.4430638102598616 0.3360214137855087 0.9324950082779685 0.5130228717099788 0.9414262340218039 0.5219850033020612 0.450208749971023
0 0.18935571665189513 0.4379464302744185 0.17582397396349858 0.9360674440636269 0.318097236070565 0.9271362183197918 0.32145805678490125 0.43770508844152944
0 0.01674669375397222 0.4341325845160265 0.010025137794521034 0.9199912104687854 0.16126053149366984 0.9396400161289747 0.15902004133025976 0.44127752422718763