0 0.5105485048115865 0.04486772648241156 0.5112497894088804 0.18339784759094613 0.8053540495638208 0.2071085915494685 0.8077647648441464 0.07331222064471071
0 0.8179626096940459 0.06603174764643271 0.8198182186317013 0.21049585453068623 0.9202636668613284 0.20202769707764193 0.9154423589147498 0.06992502227016073
0 0.8189672309518318 0.22899471060939572 0.8166040133339826 0.3544539820757633 0.8961567592862179 0.357841245056981 0.9178529515810027 0.3222750806641966 0.9266922000708391 0.23420656618587474
0 0.5105485048115865 0.20994709156177663 0.5112497894088803 0.35276031828182053 0.8029434568975676 0.3510667190945454 0.8045505595464272 0.229125704017382
0 0.23729152269384488 0.19724867886336395 0.24205598815348037 0.3324368696078496 0.4863393305093402 0.3425985939448352 0.487946494465236 0.21218945371796114
0 0.23884178285576124 0.04621421370497067 0.2388417828557613 0.1749297224412357 0.4911606997629552 0.17662332162851074 0.48955359711409546 0.05298877197073992
0 0.027504535257811814 0.036052521671319136 0.025897401955434177 0.15968707132908994 0.22277051113902108 0.16476796580091643 0.22598471643674006 0.04282695072375298
0 0.02632105855882372 0.18878307039775546 0.025897401955434177 0.31888781768297886 0.2267883290682061 0.329049606626632 0.22759188039263584 0.2071085915494685
0 0.23628690143605904 0.3834920651067502 0.22759188039263584 0.8981075908445046 0.47830369465097 0.9116566427693755 0.4815179612557254 0.39171374565582256
0 0.021879584026249104 0.3764710945436769 0.02107603270181935 0.4899439844711299 0.21473487528065083 0.503492971789333 0.21875269320983595 0.3815519567121694
0 0.02431181604325209 0.52317460478929 0.02107603270181933 0.8896394656947942 0.21473487528065086 0.8947203924699547 0.22116334718312525 0.5492208605191026
0 0.5085392622960149 0.3834920651067502 0.5016070509016507 0.9150438411439257 0.736247654750281 0.9336736906306212 0.8624071132038779 0.4340543714043747 0.8495500467848566 0.4086499959552434