0 0.923689737531588 0.035451797707885244 0.926457472237512 0.7326022454001694 0.9744310243064658 0.7360967470565567 0.9753535086932172 0.035451797707885244
0 0.8306804863776852 0.04192139904571933 0.8305102273267694 0.7273605262416262 0.9116963143211408 0.7221187404310077 0.9116963143211408 0.03719911518815418
0 0.737254880841353 0.035371180705107974 0.7308727633233514 0.7291078770479328 0.8102137407713852 0.7256132420873949 0.8111363659309715 0.03370458020572925
0 0.6367707687317813 0.035451797707885244 0.6395385034377052 0.7291078770479328 0.7151891210202289 0.7203716562330023 0.7170342305665666 0.03370458020572925
0 0.544513883686549 0.0389462993642725 0.5426687741402112 0.7308549612459381 0.6220097515882451 0.7308549612459381 0.6220097515882451 0.03719911518815418
0 0.44313723378252956 0.022270744023885267 0.436573356338194 0.7291078770479328 0.517759372946148 0.7221187404310077 0.5214496624252408 0.03370458020572925
0 0.34708413561246815 0.02496835939079875 0.34062618181386883 0.7151298037703085 0.42273482358140924 0.7081408004575339 0.42827022260683967 0.0389462993642725
0 0.24836929676863642 0.02671557689295474 0.24467900728954373 0.723866024585239 0.32401991435116 0.7256132420873949 0.33232304808251445 0.02496835939079875
0 0.13212563568892716 0.023221108562605088 0.1293579009830032 0.7116354354180717 0.2280728102132523 0.7203716562330025 0.2326856544655139 0.03370458020572925
0 0.014071489837892878 0.024454150137422387 0.009423950424201081 0.7186243054266955 0.10998396920078785 0.7273605262416262 0.11551936822621833 0.028462894373223677
0 0.011764684762921713 0.7777292593077281 0.010346540390578638 0.9614912040905186 0.517759372946148 0.9702274249054489 0.5149917086266416 0.7832723527875964
0 0.5388696443938329 0.7646288226265053 0.5389784846611184 0.971974642407605 0.9670504453482802 0.9702274249054489 0.9716632896005419 0.7815251352854404