0 0.907656197152328 0.05025960698429793 0.9757152972496717 0.055319744246960144 0.9714507035551622 0.5306427379622008 0.9023643637911544 0.5323046810899007
0 0.8255491380778984 0.0564901365793135 0.891276394156416 0.06362958668359192 0.8870118004619064 0.5190089458711031 0.8221899242473367 0.5173470027434035
0 0.7434420790034689 0.050259606984297885 0.8085433025119497 0.050333819765261155 0.8068373609180889 0.5273187883077349 0.7394568326028704 0.5173470027434035
0 0.6645339962566146 0.05025960698429791 0.7292218337650623 0.0553197442469602 0.7275160223162731 0.5090371603067717 0.6575765816102633 0.5073751537800054
0 0.545105546693808 0.04818276378595943 0.6490473942212447 0.04867187663756146 0.6447828005267355 0.5106991034344714 0.5475501163499518 0.5073751537800054
0 0.5419065703662328 0.548701974585544 0.5415796461341175 0.6802199018215717 0.9663332692087939 0.7018256062751336 0.9612157047173543 0.5921355846730888
0 0.545105546693808 0.7460020784277039 0.5381680232365386 0.9411489036125543 0.9654802984118633 0.9561066453581181 0.9663332692087938 0.7666422124432883
0 0.4537290550707471 0.05365776941972719 0.45628777224393136 0.519008945871103 0.5194037719371762 0.5190089458711031 0.5219625541828959 0.04534792698309545
0 0.37875877765989885 0.0461059205876209 0.3778192742939746 0.5123610465621712 0.4443469619573337 0.5090371603067717 0.44264108543600866 0.05199585799156064
0 0.25414605715320476 0.032052160064764794 0.2498814634586954 0.5023892609978396 0.35905508806714787 0.50072731787014 0.3650254932104466 0.04867187663756146
0 0.1377692276492356 0.03364486139758974 0.24220518179407155 0.037038084546463776 0.23964646462088737 0.5123610465621713 0.13644324515573367 0.5023892609978396
0 0.025805056184104436 0.02533748860423561 0.12791405776671505 0.03371413489199777 0.12194365262341632 0.5057132106523058 0.02471090337409711 0.5040512041255395
0 0.021539754414004214 0.552855660982221 0.02129924794025026 0.6818818449492714 0.5176979604883867 0.6868677377314373 0.515139178242667 0.5539102587453298
0 0.026871381626629498 0.7293873328409958 0.02215215366464506 0.8331209519363421 0.2507343691830901 0.8297970656809427 0.25073436918309006 0.7383887988779938
0 0.2945190677004192 0.7480789216260425 0.295939088373903 0.8314590088086423 0.5185508662127815 0.8314590088086423 0.5176979604883867 0.7500225275700252
0 0.39795263562534994 0.8519210815429689 0.3957305547964064 0.9428109735383869 0.5108745845481576 0.9428109735383872 0.5117274902725523 0.8680223916087013
0 0.255065026326992 0.8623052975346615 0.2558518686019941 0.9444729166660866 0.38293677371287843 0.9411489036125543 0.3863484616829931 0.8580504792462371
0 0.02215215366464503 0.8563885361185373 0.019593403955193017 0.9461348597937866 0.2464697754885808 0.9511208159750189 0.24817565200990593 0.8696843347364013