0 0.013698607741503332 0.22567783246200052 0.11344472495189979 0.226194759301733 0.10953146543823367 0.7734068784433973 0.007787091278999404 0.7638345582629217
0 0.1311154374871002 0.23165869370601963 0.12029287312140274 0.7670253722287825 0.22888539545013994 0.7670253722287826 0.23671191447747222 0.2293855124090404
0 0.24853226723269706 0.23763955495003877 0.23573361825885997 0.9010365158672626 0.3198683619262051 0.9074179003647697 0.32965147339076184 0.2453392170870235
0 0.3488258093070611 0.24362041619405791 0.340412881073931 0.9090133682062539 0.4167211803531609 0.910608714330631 0.42650429181771765 0.2389577108724087
0 0.43811152359277533 0.24162679577938487 0.43433073620583296 0.9042272081160162 0.5125956279222874 0.9137994065793847 0.5204221469496195 0.24533921708702341
0 0.5445205255497225 0.24362041619405791 0.5350968141464549 0.9217762589183763 0.6162966691579633 0.9185855666696222 0.6251014097646908 0.24055305699678567
0 0.6435909756475698 0.24362041619405791 0.6299929654969691 0.9217762589183763 0.7141277838035316 0.9265624190086139 0.7258674877053126 0.24852990933577715
0 0.7356505991698695 0.2724604663527518 0.7317374142954204 0.6697078588950606 0.8129371200284946 0.6744938364096376 0.8158720833235484 0.253316069426015 0.7336940067326451 0.24533921708702341
0 0.8343933239841648 0.24960127743807706 0.9127249763897215 0.2596975147820761 0.907833420657443 0.666516984070646 0.8325033429576084 0.6697078588950606
0 0.927348314199429 0.25159489785275013 0.9753368300515114 0.2581021686576992 0.970445274319233 0.9249670728842371 0.9234863094336734 0.9265624190086139
0 0.549412893455789 0.03827751348273418 0.5439016293923995 0.20545498582134233 0.9802283857837899 0.23257620465779402 0.9831633490788437 0.05389479138050264
0 0.2582347298438104 0.036345649290312164 0.2572564336251981 0.09856512187786785 0.5214004431682319 0.10973275775344356 0.5214004431682319 0.049108631290264756
0 0.014921699718019966 0.12001595048432907 0.01365694322989007 0.19907344917745093 0.24649502594202902 0.20066882573110453 0.246495025942029 0.13525863046551834
0 0.019814067624086502 0.030303031824041995 0.018548498962168453 0.09218361566325312 0.24747332216064133 0.10175590541445198 0.24551672972341676 0.03794102584396587
0 0.2534246351387636 0.1299840525576943 0.25138658167430733 0.20066882573110453 0.5194438507310076 0.20385954840913512 0.5155305912173412 0.13844935314354892