0 0.7910679680648595 0.42293587774517216 0.8764212766781354 0.9338305125300951 0.9927152573428343 0.9272805564890664 0.8924250220431248 0.45077309722202885
0 0.6523688415682855 0.34924915337614487 0.770796622388613 0.41638598416915346 0.8593507126345903 0.9223681831558102 0.7494582952352936 0.9141807693370294
0 0.5458183029071004 0.4423982008654378 0.6278297327822653 0.3312368679608314 0.7366553315030058 0.9223681831558102 0.6865101324538926 0.8961684839217157 0.5947553419744724 0.5064475361757421
0 0.5254057787261855 0.4736978809006191 0.45925699711059953 0.5735843045037404 0.5798185780865558 0.7062204458469954 0.5904877416632152 0.8945309012139431 0.6683725869332746 0.901080857254972 0.5851531598748854 0.547384605269646
0 0.43110575121975864 0.608144057219029 0.5499448875122058 0.7356951231016041 0.5520786876678342 0.8879810701029348 0.1455835716769578 0.8339440889269735 0.3034872251712221 0.7373325808793563
0 0.2763771931298561 0.25823613825033653 0.5136697150717116 0.4507730972220287 0.44005247011290927 0.5490220630473982 0.24053914378907937 0.33451184598134565
0 0.3493645797113032 0.1281890115015688 0.6203613508383069 0.2853873630686609 0.5947553419744724 0.13310150976484544 0.3973758158062711 0.021752631857418672
0 0.21368544976584383 0.053611624233557344 0.308821806959552 0.1494763374024071 0.22880308013460549 0.3164994981010218 0.13598130817811266 0.22807546633719547
0 0.22240159826846148 0.39018622247004897 0.4101788609378175 0.5801342605447692 0.2864165797284187 0.693120533764938 0.11784376265749469 0.7897321042775656 0.13384750802248416 0.5817717183225212
0 0.1083099662390998 0.2786985896520145 0.1967955894046269 0.3574365671949257 0.12744602615634007 0.5441096272491317 0.10930839923646389 0.6063339597788635 0.09757233558198998 0.8093818474706314 0 0.7995569758740984 0.00901832673527088 0.6292587434574539 0.0420927175430638 0.4491356394442766
0 0.653435823045358 0.2902997988669273 0.7195846046609438 0.1773134944142536 0.7590604773348808 0.35907408743768804
0 0.7378951336393933 0.1620626166624503 0.7782650043325713 0.37544891507524963 0.8796220583108367 0.3901862224700489 0.8241424402719105 0.11836410867253086