0 0.03479172822734087 0.03656821531633407 0.2153871307054194 0.039043451753960366 0.2343611842638282 0.44744289904315865 0.06148536601383386 0.4522665637031212
0 0.26410116417884333 0.038577457831905644 0.4346442189699583 0.04065132975137387 0.4388608004188212 0.4345799363992951 0.26809319247019053 0.4458350517134672
0 0.48550337820098355 0.04058670034747729 0.6391438351249511 0.04065132975137387 0.6454684660290422 0.43940353972381346 0.4915668621835926 0.44744289904315865
0 0.6726409638625545 0.04058670034747729 0.6770921030879047 0.4410114483889489 0.8731588780374432 0.43940353972381346 0.8541845027867625 0.042259207748787345
0 0.05587765337230663 0.4826200537732359 0.0488359433595161 0.6178773534145461 0.4936750724849559 0.6162694447494105 0.48102564983063817 0.4844240009805024
0 0.6647337419331922 0.47056459867980616 0.6728756824851774 0.9507067801670873 0.8541845027867625 0.9587461394864328 0.8541845027867626 0.47960033632054
0 0.5021080745365466 0.4924633602998477 0.5084327054406372 0.6162694447494105 0.6391438351249513 0.6178773534145461 0.6391438351249512 0.49246336029984766
0 0.5063244951392742 0.6516426380216188 0.4999997033890474 0.7802723871311442 0.6349272536760879 0.7770566924717611 0.6391438351249513 0.6436032787022735
0 0.5042162848379103 0.810821977078834 0.5042162848379103 0.9394517261883593 0.6454684660290423 0.9330202141987053 0.6475768371765417 0.8027826177594888
0 0.06114913465854813 0.645368697534538 0.04672773305815216 0.7738408751414901 0.48735028073472925 0.7738408751414901 0.4768090683817754 0.6452111873674091
0 0.04797043144294439 0.8000803712335534 0.04461936191065272 0.945883238178013 0.4957832827863196 0.945883238178013 0.48102564983063806 0.8011747704297971