0 0.08539067908868359 0.06761355099115929 0.17855705142873646 0.14036236375389013 0.14144199017990042 0.6331776266550753 0.039943679466969674 0.5510416003032624
0 0.19294861286671552 0.1051612863353725 0.17704211676803697 0.353915530951176 0.3883706765667763 0.35626232315832534 0.39443029963187753 0.08873409896920377
0 0.17253786144834576 0.4111436972520219 0.15659099005380506 0.6284839527198074 0.3883706765667763 0.6167502602469682 0.38988561122747584 0.4031970930496822
0 0.14412877053925485 0.6780058673399983 0.13765474021142426 0.8584643968042313 0.38609836125899966 0.9288665516412665 0.38534086503422577 0.6871524150840034
0 0.4045454372059215 0.6838709699792945 0.405792049537306 0.9382535414279255 0.622422793965221 0.9312132543274466 0.619392924643822 0.6894992072911529
0 0.40359846750895184 0.4082111459323738 0.4027622380047554 0.6355241502993172 0.6254525477089232 0.6097102417093968 0.6209078015156732 0.3914634005768431
0 0.405792049537306 0.11454827612203161 0.4027622380047554 0.3445286306854862 0.617878047771971 0.3515688282649959 0.617878047771971 0.0793472434639985
0 0.6327651341756185 0.09442815473002772 0.6337845438706495 0.36330252073783503 0.9519135412226468 0.3445286306854862 0.9185856721534386 0.08638735152253905
0 0.6356060432665276 0.3935483893341333 0.6368142976143518 0.6167502602469682 0.9466112988046228 0.614403557560788 0.9450964219327717 0.38442320299733335
0 0.6337845438706495 0.6707252277178346 0.6352994207425006 0.9312132543274466 0.8042107924520767 0.9265198489550862 0.8057256693239279 0.6894992072911529
0 0.02670452811501243 0.5929618790702037 0.13765474021142426 0.6871524150840034 0.11871849036904347 0.8913187715365687 0.010403147049510158 0.7622482438563065