0 0.727085693359375 0.0024896281388785335 0.7278478763863225 0.4504005575830775 0.9024473743272651 0.45206077670338335 0.8997050841101357 0
0 0.5373714076450893 0.19543568623016483 0.6172376144269842 0.1997036070856023 0.6126669447507431 0.9434931729765991 0.5322232002946333 0.9434931729765991
0 0.439085693359375 0.19543568623016483 0.5102839719000999 0.20634457856677557 0.5066274222105301 0.9368521698287758 0.43441082737734643 0.938512388949082
0 0.343085693359375 0.19128630863680385 0.4225271280648507 0.20468435944646965 0.41429990869904004 0.9401726080693877 0.34025507389251375 0.93519195070847
0 0.24479997907366072 0.19958506382352584 0.3238006351608926 0.1997036070856023 0.32288651517422123 0.938512388949082 0.24061446100188433 0.9318713858012587
0 0.9198160027884421 0.20136392120585786 0.9609520298746106 0.1997036070856023 0.9600378401450548 0.9418329538562932 0.9106746634359603 0.9468136112172107
0 0.8196571219308035 0.4817427401720736 0.8978767046510242 0.48526566577589936 0.8933060349747832 0.938512388949082 0.816518840208243 0.9418329538562932
0 0.7225142647879464 0.4817427401720736 0.8064633111262053 0.48028494508168185 0.8028068311795202 0.9401726080693877 0.7187065370338407 0.93519195070847
0 0.6287999790736607 0.47344398498535156 0.7104792479251456 0.48028494508168185 0.7031662880317753 0.93519195070847 0.6272931435090219 0.9318713858012587
0 0.6272931435090219 0.20468435944646965 0.7113934376547013 0.20302410865951387 0.7123076273842571 0.4504005575830775 0.6318638131852627 0.4470800560091659
0 0.13914560813791227 0.058582828527409626 0.22873069194650406 0.06190333010132117 0.2278165719598328 0.3076194965712792 0.131832508758773 0.30429899499736757
0 0.019657121930803573 0.05228215925921048 0.1199487397033928 0.05526235862014796 0.11720637974337887 0.30595927745097323 0.019394006826092047 0.30263877587706167
0 0.131832508758773 0.3458051063380124 0.22324590228359184 0.3590871126336587 0.22416002227026313 0.9302111666809529 0.12177704941961981 0.928550947560647
0 0.021222316542319115 0.3474653887916182 0.11354983005380921 0.3441448872177066 0.10897916037756829 0.9235701635331297 0.014823372021293331 0.9302111666809529