0 0.646082483826811 0.20464506487567669 0.646082483826811 0.3349486623541234 0.8253869391986831 0.33842343820871607 0.8985939792843584 0.20985719551964707
0 0.6475659658966085 0.039513679467953686 0.6439605711372304 0.14904888316762382 0.9155696045841246 0.1577357896661869 0.9887766446697992 0.041331295606110784
0 0.2827961025195028 0.030829354674206385 0.2811079159601051 0.15947314445556474 0.628045983128035 0.1577357896661869 0.6312289331081863 0.0378564866135996
0 0.018835365021160812 0.022145029880459088 0.013742869783933282 0.13341242495987546 0.2630714152613292 0.15252362588429802 0.26201045891653896 0.02743219218774017
0 0.2854489742531545 0.20451585054915214 0.28322990959546623 0.3332113075647456 0.6365337957779181 0.33494866235412335 0.6291070204186054 0.19943293423170622
0 0.013529621553857448 0.19583152575540483 0.011620957094352706 0.32104962521158975 0.26201045891653896 0.3210496252115898 0.25882750893638756 0.20117032215900243
0 0.6435866582961312 0.3760312652256611 0.646082483826811 0.6216165768067062 0.7946186385793022 0.37490841899234634
0 0.5601437247663115 0.3766458400575611 0.5622656374558921 0.7797182485702202 0.6354727584873473 0.6667885303647365 0.6269849458374642 0.3801206159121537
0 0.46849712387512027 0.37386018402722426 0.46571715305592887 0.8318396875615988 0.5463510494466964 0.8248902684040871 0.5495339994268479 0.3783831948469387
0 0.37432017733048567 0.37820234642409795 0.372351618636117 0.8214154262736579 0.4551074277164653 0.8266276231934652 0.4561683840612554 0.36795893355899806
0 0.28412253838632867 0.3673469404319138 0.36916866865596565 0.3731710642029685 0.3628028496414436 0.8196780714842801 0.2853518222850467 0.8248902684040872
0 0.2801432307858511 0.8666956160723828 0.2811079159601051 0.9847292949569791 0.4519245586820944 0.9760423884584163 0.5092170107585737 0.8700621556862811
0 0.004244570486076576 0.8536691288817619 0.2524616899218656 0.8613752491877176 0.24927873994171412 0.9812545853782231 0.006316094424620886 0.9795170980371715
0 0.14105957385749712 0.3644841577044054 0.25988846528117804 0.3714337094135907 0.25458360261144597 0.8075164554069609 0.1399986175127069 0.8214154262736579
0 0.012681913439143046 0.3731710642029684 0.12726689853788223 0.3731710642029684 0.12302307315872112 0.8127285197750945 0.01055991980378209 0.8179407166949021