0 0.9235133880920772 0.06432076752694445 0.9778268344728571 0.060701405793282454 0.9705309208515862 0.9582997330958984 0.9267559339047352 0.9528706559786135
0 0.8351525922024202 0.06974977561064591 0.838395261710272 0.9456319325112894 0.9097322591502965 0.9402029934611711 0.9097322591502964 0.06613041387698392
0 0.737874733480357 0.06794016377739813 0.7411174029882087 0.9402029934611711 0.8148863716353237 0.9365835626939258 0.8140757970297561 0.07155945647747691
0 0.6487033629851324 0.058891793960034536 0.7257150011400992 0.0679401637773982 0.7249044265345316 0.9347739163438864 0.6470820900788035 0.9329642699938471
0 0.5525488818176276 0.04568068919705885 0.635733056039307 0.04803367424225679 0.6276265678124683 0.9402029934611711 0.554668111923324 0.9420126398112105
0 0.455254871480139 0.050203529540794774 0.5287273743364792 0.05527239770958093 0.5246741302230601 0.9492513632785348 0.4468517937673319 0.9383933471111318
0 0.3576804232721072 0.038985304424893195 0.4395560038412547 0.04803367424225679 0.4338814249739095 0.9347739163438865 0.3593017580260332 0.9347739163438864
0 0.2454646616899292 0.46630484116449433 0.24418958809636684 0.9510610096285741 0.34795266213893966 0.9564900867458589 0.3447100544786848 0.48054577912566854
0 0.25067480341687653 0.046224027892217294 0.24905353051054752 0.44797166158987645 0.34795266213893966 0.44797166158987645 0.3390355374589366 0.05527239770958086
0 0.14208977570634757 0.05924921022826652 0.14123721235455536 0.43349421465522814 0.23689379817028952 0.41901683675416296 0.23527246341636374 0.06974977561064591
0 0.14006281715764987 0.46630484116449433 0.13556269533480708 0.9383933471111316 0.2344618269631993 0.9420126398112104 0.23446182696319925 0.46606840122460347
0 0.09340891944668826 0.06251108666011342 0.09097701008719478 0.42987492195514926 0.1274562071079685 0.43349421465522814 0.1274562071079685 0.07517878369434744
0 0.05206584185933073 0.06251108666011342 0.04314868625552918 0.43168456830518853 0.07881727774693692 0.41539747502050095 0.07962791420010139 0.06251108666011339
0 0.04071674597223728 0.4678780475746428 0.033420925122361646 0.9510610096285741 0.07314269887959171 0.9456319325112893 0.07314269887959171 0.4606393241073188