0 0.8485332845052084 0.028833553435866008 0.9633897761629134 0.04071132806498362 0.9484586615137574 0.5266574289082282 0.8482087050415652 0.5179173914830685
0 0.7098666178385417 0.03538663338344137 0.8268789132191076 0.033719304792975094 0.8140812334057091 0.5126733156830175 0.7116980048311561 0.5144213631767657
0 0.5871999511718748 0.0266491934533409 0.6903682130086981 0.02847532901471484 0.6775703704619035 0.510925334870463 0.5687884647140481 0.5004373166327487
0 0.4565332845052082 0.0266491934533409 0.5645225714429155 0.024979267367815274 0.538926723615928 0.5144213631767657 0.4322777645036395 0.5039332782578578
0 0.3149639094801216 0.03546728560552955 0.41734697532127774 0.030223276486672432 0.40241602340551896 0.49868926913900063 0.30003312029776036 0.4916972792075889
0 0.19338416118547175 0.03197129063982373 0.2851021683820015 0.02847532901471484 0.26803843256407367 0.4969412883264461 0.154990470811689 0.5074293065641604
0 0.04853328450520821 0.024464833470815756 0.1528575241761224 0.021483239061512612 0.12939478571809868 0.5109253348704631 0.029144666512508934 0.5126733156830175
0 0.021866617838541606 0.5465268692943194 0.12299578307800225 0.549381512877405 0.1229957830780022 0.9671553284725224 0.012080930694580945 0.9584152910473624
0 0.1578666178385416 0.5421581493292692 0.2744372724707728 0.5371454471459425 0.2573735366528446 0.9671553284725224 0.15499047081168874 0.9566673102348081
0 0.31253328450520823 0.5377894293642189 0.287235277750965 0.9601632718599168 0.4024160234055191 0.9566673102348079 0.40241602340551935 0.5319014380270856
0 0.4325332845052082 0.5443425093117943 0.534660830344795 0.5458854845711024 0.5261288810691327 0.9601632718599169 0.43441071113920554 0.9584152910473624
0 0.5709214113496144 0.5458854845711023 0.6775703704619036 0.5511294936899597 0.6626395812795417 0.9671553284725223 0.5602565154383854 0.972399270910186
0 0.6991999511718748 0.9025775464459139 0.7010331089199274 0.9741473850851279 0.801283228125517 0.9654073476599679 0.8076822307656129 0.8919909532711929
0 0.7071999511718748 0.8020969872497584 0.7052991649244573 0.883250915846033 0.8076822307656126 0.8692669359832097 0.8055491213966494 0.8010946173944856
0 0.7045332845052084 0.7125382279662285 0.7031662182888908 0.7836145425441661 0.8098150146677825 0.7818665617316115 0.8034163374944805 0.706702186530282
0 0.7045332845052084 0.6339012685953241 0.70956505819559 0.6857262167360472 0.8055491213966496 0.6979621491051222 0.807682230765613 0.6350338396352552
0 0.7098666178385417 0.5508955892593697 0.7095650581955899 0.6123097556660785 0.8098150146677824 0.6140578031598266 0.8119481240367455 0.5616175786088677
0 0.8396769184992996 0.5598695311151192 0.9335278723313961 0.5581215503025648 0.939926874971492 0.9636592334850259 0.83114480649024 0.9584152910473624