0 0.8371945893525269 0.03178489153285778 0.9767728147933918 0.03707046479268338 0.9710754072908175 0.4563936630243143 0.8229519398984281 0.44758435185470147
0 0.6524215872131522 0.029062088866004972 0.8030123175929241 0.03530866304750024 0.7859211817131231 0.45286992511452706 0.643494687172139 0.44934625441445036
0 0.4725828937229583 0.03530866304750028 0.6007667388098434 0.03530866304750028 0.6007667388098434 0.26611255520261834 0.4697341899716721 0.26435071985257985
0 0.4672364020279671 0.2998679012834422 0.6036152252355466 0.29782606197128264 0.6121606845126552 0.45815556558406334 0.4640372171202659 0.4599174009341017
0 0.28457974706839295 0.028261153623070516 0.4270062416093769 0.03530866304750024 0.4099151057295758 0.445822516504663 0.25609444816019605 0.44758435185470147
0 0.0933047780963432 0.0400704552244374 0.2532459617344929 0.026499351877887406 0.2162152035491877 0.4422987785948759 0.08803135846230212 0.4017759606565987
0 0.4754313801486616 0.482821596533153 0.5922210622071513 0.48634533444294026 0.5979180350585571 0.6325798864165719 0.4640372171202657 0.6184851364065543
0 0.6452990800906453 0.4782034362900473 0.7716785322590239 0.4775360232733275 0.7602843692306288 0.9620482048117461 0.6292520377180404 0.9461914178225589
0 0.8304842652758302 0.4782034362900473 0.9539844887366 0.4845834990929019 0.9340448664310957 0.946191417822559 0.8172549670470225 0.9444295824725205
0 0.45834024426886044 0.6590078199254107 0.5893725757814485 0.6590078199254106 0.5779784127530531 0.9444295824725205 0.4412488910634743 0.9391439420029842
0 0.21906368997489056 0.4704885474537529 0.4270062416093766 0.47401228536354034 0.41276359215527814 0.736529785101888 0.29882239652249143 0.7382916204519265 0.3102165595508869 0.6061519529077334