0 0.20798360459514137 0.12323759990323617 0.20138016675633388 0.3448625758639683 0.5116663668143291 0.3803822067561076 0.5092103126024435 0.16517466096139163
0 0.20547365290445138 0.3803822067561076 0.19728668060821636 0.6060368012711596 0.5173972848986786 0.6415564321632988 0.5124851140132659 0.4284383279942693
0 0.19564924867198433 0.6645398118215606 0.19237444726116204 0.7940822435643371 0.5173972848986786 0.8734791921473137 0.5149411682251515 0.7105064914340359
0 0.5252814551580892 0.17284595499462 0.5280403114067993 0.3824716483817941 0.6819554780223166 0.36784587581818173 0.677861991874199 0.15681713357079055
0 0.527328538064947 0.4234986965089803 0.5304964280803264 0.6415564321632988 0.6835928474969069 0.6269307393037348 0.6835928474969069 0.40127614478868284
0 0.6991480448904402 0.40754438996169406 0.6983294226147867 0.6123049667401226 0.913646694067142 0.5955898322548718 0.9406637276293744 0.3803822067561076
0 0.6921187120669939 0.14673629442020744 0.6958733059412595 0.36784587581818173 0.9545815555483173 0.33441560684768057 0.9717742473397242 0.10876105218465283
0 0.5303991624252336 0.6793733701382231 0.5321337975549167 0.8693004683040372 0.6909610725942051 0.9006413753529001 0.6811367308233798 0.679165584385173
0 0.699966792089377 0.6833443082284495 0.699966792089377 0.9069094611178149 0.8759866964584307 0.9466079752613272 0.9038223522963166 0.67080813669862
0 0.04524051349995202 0.08146214298417612 0.20138016675633388 0.14428072292881633 0.1890997083119813 0.3929186173980817 0.029453717304576885 0.31352166881510524
0 0.020448060271046686 0.3448625758639683 0.1890997083119813 0.42217008282125823 0.18255010549033657 0.6311094631470111 0.00489280041587174 0.5496231526423966
0 0.0032753139093686027 0.585378592070338 0.17927530407951425 0.6791655843851728 0.17190701652057436 0.7961717648940719 0 0.7418473984828989